game_id,blue_gold,red_gold,gold_diff,blue_richer,blue_richer_count,blue_earn,red_earn,earn_diff
0001c4f2-b421-41e7-ae5e-6e8a61c7ad26,12071,13876,-1805,False,1,1454,1570,-116
00032e36-8a18-472c-bf38-61b836b72e45,13778,11963,1815,True,10,1448,1105,343
0024055a-f824-4a82-818f-22443bd2e080,13786,13461,325,True,5,1664,1514,150
00265d98-0c54-4c63-935e-7367e934f06f,11799,13021,-1222,False,1,1238,1409,-171
00281254-1bf8-42c0-9af5-9e54c6b36616,14097,12799,1298,True,6,1591,1251,340
003d96fe-d66c-4387-adae-ceb4269543bd,12062,13868,-1806,False,1,1506,1539,-33
0042d216-8089-46e0-9b80-19015ec95b33,12820,12313,507,True,5,1393,1496,-103
0043fd49-2f53-46e1-8bce-f4da7a46212b,13219,12581,638,True,9,1640,1474,166
004a6723-f15c-439f-9615-0babb56a62cd,12391,12605,-214,False,2,929,1338,-409
004d0e39-a2c2-4da7-84f4-bdfa1848b499,12663,11300,1363,True,7,1393,1340,53
005f018f-6b71-4943-a556-497097d7f164,13487,12123,1364,True,6,1464,1299,165
00612aab-4149-489e-b632-878a6231a6ac,13178,13264,-86,False,5,1349,1521,-172
006447f9-8292-43c0-9e5a-dda5a65cd9e3,13829,14092,-263,False,2,1598,2568,-970
006682af-c158-40eb-9073-134b68c8d696,13955,13866,89,True,3,1467,1364,103
006d6a2b-b128-4be2-a2a6-f85ef2d0b536,13267,13642,-375,False,0,1928,1613,315
0073723e-a0f3-41a6-8fec-d55a9d02e207,12161,12970,-809,False,0,1534,1987,-453
0075cd98-173e-45cf-b3e7-954a4ee7407c,12299,12493,-194,False,5,1376,1779,-403
0076cdeb-acad-42c5-8b1c-846dc774678e,12449,12936,-487,False,2,1609,1537,72
007d4461-b4ed-4a21-b190-dfa8e3e4df76,11684,11210,474,True,3,1110,1201,-91
007e4e7b-4115-4e9e-9d20-aee0f62918c5,12266,13062,-796,False,0,1417,1543,-126
00817338-3ee5-41fe-8fe2-27e124a6847f,13984,12602,1382,True,8,1671,1201,470
0081c851-4256-4e66-834d-dbeb57d1ec7c,14073,12704,1369,True,8,2311,1065,1246
008cb487-3fb0-416a-a22b-c8b2ff534c2a,12524,12023,501,True,7,1174,1514,-340
00a07dbf-c807-4971-8319-9d27e6b55ec3,14023,13223,800,True,5,2273,2279,-6
00a6e138-9db0-49ca-8923-b23f1fc28a4e,13685,12599,1086,True,8,1301,1598,-297
00afe259-b6ea-4d83-9265-2f0452903a42,14142,14691,-549,False,2,1475,1172,303
00b9dacb-b0c1-4bb3-89fc-312fbdb4821f,12726,15010,-2284,False,0,1097,1371,-274
00e8d322-4740-4b4a-bc0d-67d74495314d,12302,14185,-1883,False,2,1043,2938,-1895
00fef4b2-b763-4b78-988a-2afcfe19af9b,11523,11499,24,True,7,881,1059,-178
0103699d-1068-4594-83ef-3631b94651dd,12067,11660,407,True,5,1709,1291,418
0104180d-3891-44cc-a387-382f873b3a56,13992,12665,1327,True,8,1599,1594,5
010cb0aa-a65e-4ed1-b455-ab1072d78891,12273,13924,-1651,False,1,1263,1996,-733
010fa844-4cae-4521-b941-519db39d339f,13910,12970,940,True,4,2371,1011,1360
011357c5-62ff-4b30-8c8a-fa681c187fc4,12947,13293,-346,False,1,1757,1482,275
0114ffbe-99d7-422b-aabe-5109fd2ea7e7,13463,13956,-493,False,0,1604,1237,367
0115efdc-d990-4810-8d3f-208580cebecc,13120,13465,-345,False,1,1624,1592,32
01168dea-7132-494c-8389-aa8dfc06ad9d,11829,12289,-460,False,1,1257,1051,206
011f1043-1538-420a-9b7c-ba9128c8a30f,12515,13385,-870,False,1,1343,1524,-181
012de008-c74e-4c1d-9652-ed925b127833,13510,11079,2431,True,7,2246,1183,1063
01366bae-7353-462e-bd5a-c6595d51dc2b,13009,13340,-331,False,0,1433,1532,-99
0139c5ef-b65a-4915-a95e-0c2addc3f625,12972,12383,589,True,5,1178,1539,-361
0140da6f-1679-4155-97b0-6e73fdf4840d,13342,14278,-936,False,3,1521,1603,-82
014e5206-d1a4-451b-b99c-1f173d443391,13300,12876,424,True,6,1561,1546,15
01541a0b-2f31-4626-944d-d447689c62c9,12993,13572,-579,False,3,1429,1489,-60
015cdc77-01d2-4ca1-a507-14c58ecf64d2,12813,13464,-651,False,6,901,1449,-548
01780695-27f9-4212-98a5-fbad9fc5caa3,13961,12973,988,True,9,1636,1507,129
017a0d09-86a3-4a71-8b27-daaa3d1f7f55,12895,12395,500,True,8,1394,1355,39
017d27d6-3199-4192-af20-5aa56400b5f7,15823,12144,3679,True,7,4272,972,3300
017eaa93-7dfa-40d6-ae9a-cb772bbb6e14,16471,12756,3715,True,6,1560,1599,-39
018c4020-d241-4cd2-9138-c0765e5d5916,14097,13993,104,True,5,1622,1199,423
01a2388a-7b69-459c-b82c-b8395be1b541,12992,13637,-645,False,3,1550,1757,-207
01a2a8ab-0a1b-4453-9390-e9c28f8e0000,13246,14507,-1261,False,0,1638,1242,396
01aed0f6-7894-48a6-ac99-b1f7369cece6,11548,11757,-209,False,6,1521,2107,-586
01b24a10-73c7-4964-a989-cf418c388f37,13641,15059,-1418,False,0,1660,1458,202
01b2d005-cf35-4352-a408-44efb78200d8,14781,12866,1915,True,7,1819,1259,560
01d8a66e-c470-4266-949b-51c841743e73,12350,12002,348,True,9,1304,1135,169
01dc1eca-b327-4234-bf8e-ead9f96bbb29,12259,12118,141,True,1,1868,1085,783
01e3cf08-7d94-4a27-9ab2-c5e6aeff0ddf,12639,12854,-215,False,0,1325,1358,-33
01e59507-9ae8-4b24-80ea-88c5671814bf,14032,13282,750,True,6,1508,1454,54
01f1324d-8173-4425-832a-f2a9fa68cfe6,13703,14490,-787,False,0,1746,1775,-29
01fb57ab-7484-4a31-94e4-aedc65feb090,14703,12870,1833,True,6,1634,1360,274
02056da8-c376-4253-b58c-6da8b1c458b4,11260,12564,-1304,False,0,1655,2484,-829
02093aa4-f749-414c-9cc6-04b81ceea512,13242,13694,-452,False,0,1405,1419,-14
0214a8d4-8639-4ca6-8323-12afa8a8e554,13603,13768,-165,False,6,1663,1554,109
022e7246-785f-4d45-bb15-f406a2d7a0d4,15134,12345,2789,True,8,1556,1482,74
0233c86e-0854-4ec0-bd6d-f35e0efde0d8,13876,13634,242,True,7,1136,1451,-315
02343f9f-9b85-40ae-ae31-c5ae070dd04d,12312,12138,174,True,7,1559,1272,287
023abc41-e819-47c6-8534-6bcd9af0c599,12430,12257,173,True,2,2266,1405,861
023cc9bc-9a9c-4c17-be1f-3c0f65be3867,14043,12867,1176,True,5,1617,1493,124
0246e5b4-8e21-4522-90e8-f027a5c65811,12752,14141,-1389,False,3,975,1706,-731
026924fc-9407-4cd4-ab1f-5f3151f00494,14081,12727,1354,True,8,1553,1558,-5
0275859c-58f4-408b-841c-2edf0c988d47,13993,13001,992,True,9,1495,1467,28
0282c2ee-e3b0-4066-8e59-6d7d63a0ac92,13858,13646,212,True,6,1210,1521,-311
0283c544-7a97-49cc-ba93-f257b9928eee,13141,14190,-1049,False,1,1782,1523,259
02852a1d-cc81-47db-8956-64b78ea83447,13104,15339,-2235,False,1,1465,1853,-388
0285f015-b044-4a6c-91e1-84e2b0aa215f,14060,12921,1139,True,8,2006,1281,725
028f2b95-54d3-4862-827a-e35fa34b88de,14423,14571,-148,False,3,1402,1370,32
02912002-eff7-4cbb-bf76-f9ee79d009b1,13240,14364,-1124,False,1,1234,1543,-309
02a08cc1-d4b6-4cae-83a4-d6f1f8b6b5f5,12921,12297,624,True,5,1339,989,350
02a204fc-48a2-41c0-a6b0-3e0a0803768a,12639,12857,-218,False,3,1230,1463,-233
02b0d9d2-4033-4976-9ca0-d612e0024bca,11458,12028,-570,False,3,1003,1109,-106
02c26aa0-2cdf-4713-b203-cdf35d06c4d5,13138,12413,725,True,4,1599,1460,139
02c45fc8-8040-4332-ae04-a6b1bafaf3d4,12544,12513,31,True,4,1517,1151,366
02cc288c-4013-421d-85f3-4405ddadbd68,13145,13582,-437,False,2,1663,1525,138
02d00ff5-32a4-4591-9877-a3df98e489af,12448,12421,27,True,3,1464,1658,-194
02db3c4b-3479-4198-a9d9-1cfbf14ffb73,13343,12434,909,True,8,1361,1076,285
02efb390-5761-4acc-901c-2d4253f0a79c,12673,12863,-190,False,5,1125,1549,-424
030e09d9-65fe-4da2-8247-761487778679,12584,13387,-803,False,1,1238,1510,-272
031b4691-6b55-4e19-81e4-26d0748da195,12906,14367,-1461,False,3,1349,1640,-291
03309061-ad15-4a1f-a29c-ac2902d008f4,12622,14195,-1573,False,3,1477,1850,-373
0333ffba-5450-4e45-9b69-b23fd5da5e1d,12234,14331,-2097,False,3,960,2616,-1656
033a21ac-cfe3-4a0c-af07-acb4bb08ca6c,16125,13060,3065,True,6,3257,1149,2108
033fd596-701b-4efa-944d-67bdf351f34c,15026,13570,1456,True,7,2092,2322,-230
03454788-02de-432f-8ab6-fe915977b466,12008,12702,-694,False,0,1324,1380,-56
03509044-0e62-49e5-a7fb-7ea2be9a097c,12461,12825,-364,False,0,1418,1604,-186
035369f4-4c29-452d-9fa8-88f5e7947a7a,13878,14241,-363,False,4,1480,1570,-90
03623987-bd53-4bb6-a537-6c7a7c8595f0,12487,13060,-573,False,2,1132,1668,-536
0362bd17-1457-4413-aa20-e49c3e216ed8,11480,12461,-981,False,0,1292,1025,267
03685916-74e8-4625-bc29-8dc9f5f2df4e,13191,13846,-655,False,1,1321,1181,140
036d4287-89a7-434a-bdc8-0f9c2d6d0d18,14545,11391,3154,True,7,2511,1093,1418
037b1f25-7d06-4ea6-9a88-648e2672dcf6,11968,12927,-959,False,0,1334,1349,-15
037e4e9d-a057-4dc7-9671-7b81c6084176,13353,12015,1338,True,7,1513,1503,10
0380ae82-389e-496c-9a06-1f0c65623a9b,12230,13540,-1310,False,6,1403,1275,128
0386c0fe-8ece-44d7-818a-2933af318ef9,14487,12489,1998,True,8,1925,1401,524
03955467-1537-4213-bfe2-56566d363f22,14403,13073,1330,True,8,1368,1430,-62
039b12a0-9cc4-43d8-bbd7-2192a6b99b21,14151,13220,931,True,7,1324,1456,-132
03a25fb4-ef41-47ad-9d7b-b9896d05aa8d,13564,12648,916,True,8,1668,1477,191
03a9726f-20ea-4a00-9f08-e363706cf4ba,12128,13017,-889,False,4,1341,1236,105
03db2a83-515f-4200-b708-3ee015386a5c,13475,11336,2139,True,8,2593,1077,1516
03e59f2e-e4e0-435c-8a37-875a7d3ca0fb,14906,14326,580,True,7,1595,1337,258
03ed864c-2855-4fd6-b9b0-fd57dea2a614,12051,12584,-533,False,5,1223,2017,-794
03f184c2-7070-4d6d-9e28-b460825d6e91,13821,12944,877,True,8,1644,1303,341
03f18e5c-be60-4de1-8545-b191369a443a,12958,13153,-195,False,4,1752,1647,105
0429a4b3-3c36-4fb4-b86c-9f3332a329f7,14136,13098,1038,True,6,1470,2050,-580
042a58d3-12c3-4f2d-a660-ab6f324ca88b,12233,12363,-130,False,5,1308,1499,-191
042ef687-9ff7-48bc-a5b8-63cf8f503538,11884,11574,310,True,8,1463,1321,142
04306e6b-1eb4-49e4-b6fe-6392545accbd,13892,13160,732,True,5,1632,1726,-94
043099d2-0657-4804-9b96-12be06bad44a,13103,13526,-423,False,0,1768,1796,-28
044808b9-c8f8-4e19-b925-3a728cb8c7dc,10088,11552,-1464,False,1,945,1787,-842
04482a1e-86a0-41ae-ac06-75b12688541e,13564,13220,344,True,7,1448,1606,-158
044d52e1-eb0a-45b8-a29e-bed71d6f0dc6,13542,13972,-430,False,0,2268,2426,-158
046084d2-1959-4459-8b47-61a87324a4a5,13549,14389,-840,False,3,1431,1422,9
0460d530-bb0b-46ef-8cff-e104da5f6fe2,13321,12584,737,True,7,1568,1295,273
046e11e0-9968-44a2-811a-93df2d3b8eb1,14418,14557,-139,False,5,1501,1660,-159
04898ecc-93a3-44de-ad04-f3899ac82da1,13083,14051,-968,False,0,1079,1588,-509
04927cb2-2730-4266-a6fa-81f77500c93b,13832,13146,686,True,7,1781,1210,571
0494b0b9-774a-43e9-a55c-01e6226aa020,10844,11379,-535,False,1,1094,1333,-239
04992c7d-a817-4f67-bc9b-c49b9b4dcdb9,12304,13558,-1254,False,1,1013,1521,-508
049fad52-a9d9-4408-87cf-7df97b287551,13363,13810,-447,False,6,1392,1873,-481
04a0b926-2447-4175-af97-d57ba9947df7,13138,13782,-644,False,2,1803,1132,671
04a411cb-195d-4bb5-88e4-8061b21d77c9,14205,14005,200,True,7,1204,2069,-865
04c35b2f-60c5-4586-8e69-cb05258309f7,13569,12614,955,True,2,2078,1107,971
04c82675-dab6-4b9b-b801-d69bb8d8f7b7,12989,12623,366,True,9,1175,1608,-433
04ce5a2d-9682-483b-9254-24b072906e10,14445,13822,623,True,7,1591,1371,220
04d44493-2c90-4da0-8649-fa6dd0b95aa0,12625,11356,1269,True,7,1811,1176,635
04d821fe-0619-4608-bda6-4095a7b4faa9,13676,13018,658,True,3,1972,1389,583
04e608cc-0640-4e4b-a40d-3a54960bfc70,12989,13848,-859,False,1,1202,2032,-830
04ee654e-b9c5-4d5e-87d5-514b2d8264b6,13634,14216,-582,False,3,1958,1819,139
04f7dc23-a30e-4c61-9085-c3762304b012,13321,13721,-400,False,3,1430,2263,-833
04ffddda-87eb-4fe9-8d4f-acad687de2e9,11818,12941,-1123,False,1,1331,1212,119
050d43b0-c900-4840-b6ba-7d5f53101784,13048,12738,310,True,4,1674,1255,419
0510f659-a263-46ee-8d37-045dbb9fcefd,13222,12701,521,True,5,1765,1475,290
05125279-2daf-463e-8794-a4f855e2ef1d,12900,12941,-41,False,3,1496,1584,-88
051b3d28-c7ea-4596-99f6-c6cecf86ecba,13141,14895,-1754,False,1,1960,1874,86
05240ba7-aaa4-4ab2-9ab1-bb6545412419,14116,13874,242,True,6,2374,1992,382
0535d5dd-671a-49df-af0d-0939bdc4597f,13176,16662,-3486,False,1,1542,1703,-161
053616db-c841-4fc1-98b5-818b4a2da949,13626,13947,-321,False,6,1578,1905,-327
05369c86-838b-4200-aaf3-9fb1ced99b12,12214,13059,-845,False,1,1465,1746,-281
053ad12b-6595-40da-9409-ea653f6cd32a,13269,12814,455,True,7,1422,1595,-173
0542d35e-da69-45f6-8ee0-d4cabf532109,13332,12482,850,True,7,1443,1542,-99
054ebbd7-77be-4949-a614-252710939b7c,12989,13467,-478,False,2,1390,1419,-29
05558fa7-56d3-4a08-8999-4e0d4b9d6d49,12546,11985,561,True,6,1175,1198,-23
05604f79-0e2c-4eb1-abe8-b88157267058,12631,13350,-719,False,1,1325,1810,-485
05610eff-b596-44aa-a30a-55a1b717b7e8,12633,12575,58,True,4,1743,1106,637
05686217-1adf-48f3-851f-5c7aed51c05f,11968,13016,-1048,False,2,1230,1487,-257
057d2f18-8dd2-4202-99a7-405fe121e563,12933,13865,-932,False,0,1298,1340,-42
05981712-8844-4c54-b645-53d3b4d8f05c,15340,15655,-315,False,6,1503,1956,-453
05985b88-bd87-410a-a74c-7ce7b00c37a2,13123,14984,-1861,False,0,1064,2166,-1102
059ad705-7338-4b10-84ac-08a7f78d2370,13442,13876,-434,False,4,1875,1346,529
05a6cfdf-f675-40ee-a579-606b1ac06a1d,13279,13526,-247,False,2,1734,2318,-584
05aa3a52-9c37-4e32-8378-05878c95e54e,12907,12423,484,True,6,1308,1185,123
05b13c64-9643-4243-8b3f-f748d7218708,13340,12603,737,True,8,1101,1253,-152
05b84dc3-4313-4bf5-8db0-94676208ea77,13171,13133,38,True,8,1578,2011,-433
05b9326d-d4cb-4cf7-bb8b-1da4166b4487,12780,15006,-2226,False,3,1377,2814,-1437
05c2ae4b-d147-4e84-a99d-f9214165088d,12572,12502,70,True,5,2233,2162,71
05c832d4-617e-4517-93f7-4bbadcfbc003,13647,13589,58,True,7,1520,1529,-9
05d84fc8-edbf-4a24-96da-39c512dff108,13113,13805,-692,False,0,1459,1509,-50
05e6ea57-5a5d-4964-b6c9-0335e47b0627,12956,11770,1186,True,8,1510,1055,455
05fcd0f1-7971-486d-a6e5-ce892414bb6b,14093,13181,912,True,6,1776,1875,-99
06025df4-ad24-41c4-9341-252bb67dd2a4,12670,14504,-1834,False,2,1429,1722,-293
061af272-5f63-468b-9e70-6288d905ee79,14155,13018,1137,True,5,1701,1297,404
061b7824-09b5-4b5f-a121-c83f7a70f08e,13823,12684,1139,True,8,2055,1302,753
06206be1-85f6-45c1-a8d6-1b02fd2632d4,14360,14694,-334,False,2,1668,1747,-79
06285382-1d68-47c4-8266-a3bcb0e64896,13476,13410,66,True,4,1719,1287,432
0636014b-1b0a-4863-9378-9eb39df64a48,14003,13795,208,True,6,1467,1622,-155
06506357-8452-455c-9d1e-6491d0622322,13232,12901,331,True,2,1621,1237,384
066f21cb-64e4-491a-a729-69bd118e4edd,12993,13559,-566,False,3,1593,1644,-51
06727132-30e3-44af-b800-13f1b36ec6cc,13703,13835,-132,False,2,1554,1560,-6
0687ead4-a622-472d-83b7-50a0d8882755,12334,13754,-1420,False,1,1492,2146,-654
069431cf-3bd3-437a-9a95-f627ec2bf55a,14119,11985,2134,True,10,1896,1363,533
069cf8d5-f875-47ce-866a-bbbaee051e6b,12196,11085,1111,True,8,1517,1237,280
069ddff6-1659-4cea-a075-bb41fd2f6ff7,13083,12764,319,True,6,1696,1183,513
06a79965-8891-4555-ac5a-051a3cd8dbee,13012,13313,-301,False,5,1401,1377,24
06c33847-fbbd-45be-b3ba-1e0b3b973c48,13984,12822,1162,True,4,1359,1306,53
06cde497-7daa-4fcf-bf8d-5bf802c9a213,14113,11680,2433,True,8,1368,1190,178
06da3d9b-df2e-4cdd-b5eb-2c73f9547971,12961,11946,1015,True,8,1321,1497,-176
06ec45b8-0603-43ec-8bbc-f4a8459ff9a1,12938,11975,963,True,7,1317,1537,-220
06f882c6-677d-4238-87a6-8027f2d55895,13409,12283,1126,True,7,1536,1132,404
06fa7b0f-219f-453c-8f32-81750ba6f885,13229,12600,629,True,5,1270,1309,-39
06fddcf8-d7ac-4c24-997d-542e4dba1a56,13552,12720,832,True,6,1563,1542,21
0706a167-65c0-44de-9684-a6d14f89748d,13671,13406,265,True,8,1683,1625,58
070a0254-a269-420a-8f7b-0950a2f68c92,12473,13309,-836,False,0,1837,1952,-115
070bb0b4-b2e5-425a-ba72-669c6b1651ab,11969,13766,-1797,False,0,1093,1708,-615
070c910c-33f3-47fa-a547-8e35792a65ea,12538,13646,-1108,False,0,1538,1829,-291
07130e3b-fcc5-40b3-a5c7-737edd57f7ad,13328,14167,-839,False,0,1640,1699,-59
07365acc-0063-4a45-bcfb-b56ab101956c,13805,14275,-470,False,2,1342,1796,-454
0756b294-1a94-494e-883a-5734277dbf19,12890,12924,-34,False,3,1665,1452,213
0760fe23-17d9-4778-aac7-12cc96840bb2,14182,13646,536,True,6,1450,1480,-30
076cdf53-22c3-4f22-b07d-d8b72aef5029,14055,13520,535,True,7,1581,1422,159
07798e5b-ff73-459f-bf5b-b76b8e0253d4,12697,13531,-834,False,1,1657,1736,-79
077a83ca-69ec-44da-9f2c-7fd3cb6df7ed,13154,13524,-370,False,5,1533,1496,37
077bad19-9a5e-4af1-b725-2b90d6f3a7bb,12251,11906,345,True,6,1247,1134,113
077cc5a6-b51a-4ee4-a345-c26d05c4b6ab,13126,12828,298,True,7,1197,1645,-448
077cf0d2-8fe3-4c69-94dc-5df329e7fde1,13704,12220,1484,True,5,1904,1438,466
078084ad-0dc9-4214-a084-2fce850c4ed4,12871,14909,-2038,False,1,1351,1538,-187
0786ca00-0604-4b74-a9c9-e50b4ec7ee64,12663,13120,-457,False,3,1599,1297,302
078d4b8e-383b-4ba3-8949-f8b58818e8b1,13784,12997,787,True,6,1747,1663,84
07996e24-a76a-430b-8d30-5891d29d72f7,13931,13203,728,True,7,1615,1629,-14
07a86398-dea6-4cf2-95a9-7f52041ac8bf,14216,12889,1327,True,6,1232,1504,-272
07c602a0-4a58-4367-af0f-983d615c383c,11802,12440,-638,False,0,1628,1247,381
07dae07b-74c6-4258-9d88-51c8d7d774ef,11648,12453,-805,False,0,1288,1086,202
07ddf291-9f78-4424-b525-d49a6b656ca4,14144,12258,1886,True,6,2291,1060,1231
07deaf94-b2a7-4898-8bc0-bdf3797f06dc,14688,12942,1746,True,5,1317,1395,-78
07e2eccc-6fc4-4f69-838d-e0be2bf93e1e,12854,12434,420,True,2,2672,1483,1189
07e304fa-0d7b-4c47-afc4-93a00e4c8b37,11732,12925,-1193,False,1,1327,1433,-106
07e689b7-b20a-440a-9100-be1538f6b24d,12512,12383,129,True,4,1330,1407,-77
07e81caf-24d8-483f-8e46-2f9e4071a2c9,13583,13747,-164,False,4,1507,1503,4
07e997c6-b225-4d53-986a-f314139af535,12505,11871,634,True,7,1298,1240,58
07f0b7f2-4da4-4828-a8d4-aa052183daf6,13706,12848,858,True,3,1593,1360,233
07fe9163-1f8b-48f5-999d-74b9cc3e22ca,12874,12600,274,True,5,1191,1326,-135
0802cb51-2861-4528-98d7-9cb56cd68b66,11798,12156,-358,False,1,1036,1468,-432
08047be2-d70d-4335-8bee-723c5475db47,13465,13205,260,True,2,1513,1239,274
08160270-f26b-469e-aa7d-5b710aa9ff39,14159,12479,1680,True,8,1544,1226,318
081c8aa5-b3a1-46a0-a228-1bd6b7425ec1,13225,14512,-1287,False,0,1284,1716,-432
082a57d8-152f-4059-a7f1-680cc2a97931,14230,13164,1066,True,6,1544,1666,-122
082c45b1-e551-4ead-a9d7-b2c15e0676de,12497,13241,-744,False,1,1232,1414,-182
082dab8a-eba4-4d57-8eae-2b736bd83cc7,13071,12869,202,True,5,1449,1452,-3
082dcccf-9ab9-4a35-8f77-e68ec11a0d93,12766,12234,532,True,3,1598,1293,305
0830c1a9-59bb-4a8d-9e26-783e7714ced4,12244,13620,-1376,False,1,1153,1801,-648
0839b8d7-3070-4b6e-b186-417ad69ab6eb,14067,13117,950,True,8,1611,1680,-69
083b8d22-1747-4532-9542-57f90ad0f39d,13034,13405,-371,False,0,1582,1562,20
08411837-7d19-467f-b58e-cd1acc5372ba,12695,14299,-1604,False,0,1574,1526,48
08421e71-19a8-494b-bdd1-f78c68de7791,11823,11517,306,True,2,1166,1094,72
08445e34-e36e-474f-8e22-3c2c8c320cfb,11115,11617,-502,False,1,903,1115,-212
08557aa3-678a-417c-aeea-d543c679e3c8,14142,13895,247,True,3,2369,1648,721
085625c5-fca1-47d2-bb53-6477435c2339,13868,13526,342,True,1,1965,1058,907
08820197-ec16-4ccf-b046-a32259fc4c09,12598,13538,-940,False,1,1544,1232,312
08856e9e-523e-4980-822a-adb481dcd012,13627,13554,73,True,7,1454,1435,19
088f8b66-105e-423f-af8a-ee8653108f1e,13464,12197,1267,True,8,1257,1498,-241
089348c6-af5f-45df-a83f-f962bb212d9d,13109,14004,-895,False,1,1168,1384,-216
089ca70e-8058-4db0-adb4-ce510e4a13b5,13283,12865,418,True,4,1798,1412,386
08a89161-e733-4f17-a7c3-c605a3bfea7c,12377,11651,726,True,5,2029,1523,506
08aed957-f441-42d4-8b5b-65fcb8db3055,13292,10838,2454,True,7,1415,1071,344
08b8d735-2415-4ce6-acdc-5889d690847f,12610,13537,-927,False,0,1563,1506,57
08c30a54-1e93-45e0-87ae-ccb73a053632,13712,14526,-814,False,3,2694,1455,1239
08c447ca-44d9-4db8-ac55-3e309375b08f,14329,13370,959,True,8,1813,1203,610
08c4f1e7-7944-44ce-bd0e-159bb755e48f,13603,14454,-851,False,2,1409,1818,-409
08c8e8f2-1c2f-487b-b948-1461d9677ec8,12547,13108,-561,False,4,1227,1382,-155
08cde10b-df7b-4c4a-b9af-9081916e1141,14419,12420,1999,True,8,1637,1438,199
08d7164c-4c6a-469e-931b-99c055b34749,13453,13472,-19,False,1,1374,1582,-208
08e0d563-f267-4675-8080-45be4ad74d9f,13871,13170,701,True,9,1447,1658,-211
08ed51ff-310a-438a-9e93-1edb8db98616,13123,12977,146,True,8,1693,1581,112
08f4832a-1bf0-4619-9f15-e14732a63430,14567,14445,122,True,7,1597,1444,153
08f6d798-4dcb-4b88-aa94-2d64a7704a95,12602,12609,-7,False,2,1423,1086,337
08f7884d-68ff-443d-888e-2f5fad6f3756,13046,16014,-2968,False,0,1674,2844,-1170
09073c7f-2602-4323-ae1e-e793e12f5ac6,12497,12820,-323,False,5,1242,1591,-349
09095ea2-4cfc-4856-be92-c4e37a4e985e,13226,12452,774,True,5,1575,1581,-6
090e8047-4e02-45de-9e73-1dc7f4b9d7b9,12405,11712,693,True,6,1402,1089,313
090ec856-77fc-4822-92ba-6a3353677788,12522,13831,-1309,False,1,1541,1521,20
09103c1e-3ec5-492b-8e0e-ac1d0a2112a8,13890,14028,-138,False,2,1507,1631,-124
09137940-4f34-4263-b645-d46344c9fbde,13412,13565,-153,False,5,1188,1171,17
091c3dbc-312a-488c-9de9-0023f11d6c21,12880,13413,-533,False,3,1399,1469,-70
091f01af-2edb-4525-a587-70e5782db610,12770,14123,-1353,False,1,1487,2372,-885
09454c6b-aa07-4031-b6d6-fdb6c5e2df4e,12673,13428,-755,False,2,1230,1537,-307
0949bd58-3d27-4de1-a418-783e80abee31,13347,12885,462,True,5,1566,1617,-51
0949d4d6-20b9-44b4-9423-4e9c0a21c5b3,12661,13733,-1072,False,0,1447,1555,-108
094ea4e5-b375-4579-9b55-2662c170915d,13467,13448,19,True,2,1204,1620,-416
09525afa-7f78-4dac-a2b9-2c314a674a34,13810,12768,1042,True,5,1587,1497,90
09573bbf-31f7-4724-9437-8d377b6ed845,12802,13596,-794,False,3,1392,1295,97
0966e4fd-4e5b-46c3-a80e-bc8dd6361f77,12141,13865,-1724,False,2,1181,1597,-416
097e2dcc-1972-49ba-b423-c6f2d346e14f,13778,12521,1257,True,8,1680,1595,85
0985cd23-9af6-4801-9c24-744be1a7b00c,13564,13701,-137,False,4,1483,1423,60
0994c72d-a811-4cf7-948d-2d715d9042ac,12407,12207,200,True,2,1668,1050,618
09962a9b-71a7-4128-a96a-eea3f211ddc6,14881,13491,1390,True,7,2125,1550,575
099f3292-1c4c-4e68-88fa-c07964c856f0,13406,13671,-265,False,1,1546,1611,-65
09a17c32-1bd7-4fc4-81bf-d8ffade0ca95,13549,12928,621,True,6,1786,1102,684
09a298ee-6a70-4b2d-bad6-4eef19c89434,13372,12105,1267,True,8,1872,1122,750
09b32a8e-0967-41a6-b091-8428cc6d3333,13189,13297,-108,False,3,1756,1886,-130
09b4c8dc-df04-4c2a-b7d0-9efd60bd2a61,13797,12280,1517,True,8,1126,1276,-150
09b7bba4-29c6-4400-b28c-4fb43288f55d,14256,14407,-151,False,3,2137,1660,477
09de428d-69c3-4085-98ad-7700b7fdfe71,12387,13517,-1130,False,2,1417,1579,-162
09e2592d-f3b0-468e-927d-bdd5bc81e46d,14706,12577,2129,True,8,1685,1650,35
09e48a6c-1daf-4fee-a899-5cc9d5f4dc9c,13747,13201,546,True,5,1063,1705,-642
09f576b1-fe10-40c6-9c46-86ceb95ddb94,12553,12089,464,True,7,1289,1249,40
09f5f7b2-c10c-4b5f-adca-41ea9a90894d,12879,13108,-229,False,3,1638,1617,21
09f81ad9-8d66-4fca-bdb0-592efdb2c1bd,12285,13244,-959,False,1,1131,1910,-779
0a019060-0aad-4f15-8dbb-404748191942,12699,12402,297,True,7,1361,1554,-193
0a096191-0305-470d-a5ba-44c296924876,14429,12596,1833,True,6,2176,1405,771
0a0fa9c2-7446-489a-86e9-831600a4703a,14266,12075,2191,True,7,1298,1385,-87
0a17418d-fb4a-4d97-9537-23fa577011ef,12369,13138,-769,False,4,1404,1546,-142
0a1ea43f-27f7-4e9a-b288-3127ddee0b8a,13471,14361,-890,False,3,1635,1701,-66
0a32b726-30b1-4988-9f0d-9ed1388b47b7,14818,12755,2063,True,6,1617,1608,9
0a42d852-51fc-4282-94e2-ba3e0c3c2361,11839,13442,-1603,False,0,1501,1384,117
0a575fc1-8d54-4978-99bd-ae380eb3c9b5,12116,13574,-1458,False,1,1147,1663,-516
0a577b7f-fa89-43f4-b3fb-4f05156985bd,13257,12538,719,True,7,1462,1495,-33
0a581dfc-5613-44c2-b642-652ad54c3c6c,12796,12722,74,True,4,1380,1450,-70
0a599a50-7052-4f68-bed3-154943cced39,14055,12612,1443,True,9,1535,1453,82
0a5a66fe-07df-4982-aff1-9636a8eed75c,11616,12152,-536,False,0,1571,1391,180
0a5f07bb-2b80-40f0-96f4-36e2fc763d38,12293,14141,-1848,False,1,942,1355,-413
0a5f548b-c641-4d57-afc2-bb718f2e76dc,12881,12799,82,True,6,1002,1366,-364
0a638566-02d3-4f36-9262-360deea8e4af,13954,12394,1560,True,8,2278,1158,1120
0a64d582-be3e-4cc2-8639-7dc96955b30c,13217,13006,211,True,3,1692,1475,217
0a6f2c3f-9dac-4708-8997-e232fc2974d8,13997,13644,353,True,7,1347,1100,247
0a7b67c8-71c8-42df-9bae-f62f541bb097,13742,12748,994,True,7,1457,1450,7
0a7d4cdd-2177-4035-bc68-93ed11b4f10f,12025,13568,-1543,False,1,1453,1208,245
0a83ba59-4e8b-4de8-96cb-a52640a4ce63,12166,12534,-368,False,1,1284,1496,-212
0a869cf8-8861-4311-8f4c-9aad6fb4f0f1,11131,11151,-20,False,6,1250,1262,-12
0a86b014-ed9c-454b-9020-ec593838759d,12940,13100,-160,False,0,1775,1384,391
0a8762e8-7bd3-42e1-8b45-9bcb1bc7d4c2,11318,11945,-627,False,2,1265,968,297
0a9a39c8-4057-4f9d-8deb-beb49063a52f,13839,12790,1049,True,7,1804,2118,-314
0aa7ce18-06ed-46bf-8534-966016395107,12682,14182,-1500,False,1,1565,1723,-158
0aacb4fd-cd10-498b-8e8f-0eb07d96fe35,13126,14098,-972,False,0,1485,1582,-97
0ab01686-36eb-4f7e-9144-1407a79c97c7,13196,14373,-1177,False,0,1527,2189,-662
0ab50f01-3a1a-4b4d-a458-35e918b3bd41,13841,13538,303,True,4,2973,1887,1086
0ad0ce60-163d-4ea5-8976-019540b4fccb,13263,13025,238,True,2,1495,1112,383
0ad7a1d5-f726-41d7-bbbf-ab0c7bf85b8a,12741,14583,-1842,False,0,1568,1987,-419
0ae30595-c7b8-479e-b973-8e15fb2bee3c,12270,13176,-906,False,2,1552,1488,64
0ae603ef-7aca-4c53-b0a1-1220b6dfdfd6,13384,13460,-76,False,1,1426,1543,-117
0b00de46-d255-4911-83db-9187ab41ef82,13095,13265,-170,False,4,1243,1374,-131
0b1f8754-8603-4550-95ff-1a9bdd8ac6c7,14066,14794,-728,False,0,1811,1585,226
0b321b7d-6f0d-4fae-a2ac-424920739e19,12847,12568,279,True,7,1090,1304,-214
0b45e19b-50a2-41ab-95f3-6e73d031ba4c,14350,13414,936,True,3,1913,1513,400
0b5046b2-d8a3-46b0-96a0-28a46bf10a94,14045,13645,400,True,8,1298,1444,-146
0b533dbf-e73d-4758-bbcc-73ada24adf1e,12698,12986,-288,False,1,1391,1373,18
0b62033e-81c4-42cd-9bd2-a9ccd9d8f9dd,14094,14106,-12,False,4,1556,1463,93
0b653c46-fb2d-4307-a69f-1c5c66915973,13348,13413,-65,False,0,2143,1866,277
0b6a19a2-3aee-4eb0-b2a7-c48c1b1e2be6,12234,11241,993,True,9,1286,1047,239
0b6e87c2-b7ab-4185-89aa-bee4755bc001,14061,12644,1417,True,6,1682,1518,164
0b7217c3-ef11-440b-832a-d1c805447f10,14670,16335,-1665,False,0,2303,2936,-633
0b8cfa3e-72e3-40ec-b82f-99f405d26895,12492,11760,732,True,8,1554,1356,198
0baa30a6-a4dd-4705-888e-12d599530229,13275,13364,-89,False,3,1337,1675,-338
0bb61851-618c-4e8d-918f-398460f5458e,11075,13372,-2297,False,2,1241,1603,-362
0bbe90cd-6376-4f6e-ae0d-5f370c6ae96c,14689,13290,1399,True,4,1529,1577,-48
0bcbcfd6-5de2-4985-869d-97bedecc6fac,12151,14963,-2812,False,1,1382,1893,-511
0bd239da-3017-4f1c-8b7d-a9bde7f0e414,13152,12421,731,True,8,1464,1480,-16
0bd27aad-9941-4eaa-a2ac-687327642580,13767,13224,543,True,9,1423,1574,-151
0bd396ea-01e7-435d-a2ca-471f6873d07d,13750,13921,-171,False,3,1883,1973,-90
0bd9a31b-23e4-494a-ac67-570efaccaee1,12720,13162,-442,False,0,1362,1499,-137
0bdd4b52-c5e4-4340-aaa0-c7414ce7d3d2,15233,13699,1534,True,6,1546,1258,288
0be95b82-3ccf-4930-a4a0-536dbf009467,12175,14952,-2777,False,0,1196,1809,-613
0be97db8-b3ae-4c56-801d-411a9b76b325,13424,13222,202,True,3,1351,1570,-219
0bf7cbc8-e4aa-4215-9ce3-c6310ed128d3,14203,13258,945,True,8,1371,1385,-14
0bfd3c4b-8051-4ac8-9a95-d982cf8eb298,11216,12048,-832,False,2,1430,982,448
0c117efe-f2f8-41b5-a204-f38b28a9c6ce,13570,13894,-324,False,2,1434,1370,64
0c1eff0e-a7f0-4bc7-9a6d-50bbac0dca01,12975,12865,110,True,5,1663,1269,394
0c2a8115-f452-4366-8cca-1bb833fbf83f,13278,14175,-897,False,3,1427,1772,-345
0c2c27fb-003c-48ea-af62-b2750f9eaa9f,14787,13267,1520,True,8,1447,1114,333
0c2d64ba-9cd4-4722-a1d3-ed60c3cb6842,13679,13422,257,True,2,1509,1581,-72
0c2ed505-51fa-4802-ba6b-42926f5cbc26,14445,11621,2824,True,9,2032,1195,837
0c3302a8-b886-4443-9e24-2d03c27774e6,13164,13129,35,True,5,1401,1447,-46
0c34e25c-ad45-44ca-87e9-8f8f74d88c74,13725,13813,-88,False,5,1388,1543,-155
0c355225-9e14-4991-bc58-bd06dcd4e341,13185,12921,264,True,8,1005,2040,-1035
0c3b0ac0-04b7-4cbf-8fb1-7e65274a2877,14353,14080,273,True,7,2565,3029,-464
0c3fef08-79a7-4fb4-b52b-3b807571d2b8,12996,12694,302,True,7,1379,1732,-353
0c4996ac-09f1-4759-b7ec-3fcb0a63d721,13084,13403,-319,False,3,1696,1599,97
0c49eb6d-3b42-4065-b804-9dc046a7ff2d,12585,13959,-1374,False,2,1407,1992,-585
0c4d1717-ff47-44f2-82a8-42ec8636d3aa,14452,14243,209,True,7,2025,2326,-301
0c57e71a-b11b-4de3-9672-886a78e336f5,13712,12496,1216,True,7,1503,1290,213
0c618767-4727-4969-bb99-c3f45d3c9c69,11783,12161,-378,False,1,1306,1394,-88
0c6226c4-bc8b-46c9-990e-1e8e76c4413d,13980,13975,5,True,1,1604,1204,400
0c644785-92ba-4ea0-b09e-9544790f01f2,12043,11866,177,True,5,1368,1215,153
0c8a4cf3-0e4d-4e22-88a8-f0bfe23eb276,11724,11505,219,True,7,1113,1261,-148
0c8adc42-7961-4896-bad5-62bce3a9ced5,13322,12693,629,True,4,1673,948,725
0cb32764-d58f-421f-b841-269f2355fdfc,12268,14103,-1835,False,1,1470,1409,61
0cc962ac-312b-4cf5-b751-17de63056cc6,13282,12717,565,True,8,1537,1427,110
0ccc1a7a-cd8b-4aed-bdda-6993d0a342f2,14285,13204,1081,True,6,1774,1415,359
0cce3aec-6fc1-46bc-9f29-8438d7de9e6d,13990,13963,27,True,2,2269,1847,422
0ccebe3a-cd3a-4d4f-ad49-5b3e0ffa9fad,13673,13079,594,True,7,1497,1280,217
0ccef94b-b753-43e6-bf13-2f8f3eee9dfc,13367,13622,-255,False,0,1792,1391,401
0cd2adb3-dcbb-4b65-9cb6-aaef8f516fa9,14394,12586,1808,True,6,1242,1314,-72
0cdd2de7-c841-4ce2-84b4-e55e7ab6361b,13774,12583,1191,True,7,1507,1312,195
0ceab955-ba85-4154-937b-f857b7ac099e,13099,11379,1720,True,6,1313,1194,119
0ceadf41-1123-4544-9e66-223422f1046f,12593,11629,964,True,7,1460,1284,176
0cf0bd98-17e6-4105-a2c4-73194e7f9b7d,12215,12847,-632,False,3,1637,1722,-85
0d06cfb1-dfe2-4ea8-84e8-919a603aefc5,12594,14145,-1551,False,1,1616,1460,156
0d1565a4-f868-4347-bea2-b25d793a9823,12654,13922,-1268,False,0,1374,1969,-595
0d242954-62ba-4005-bb54-93b2063382f8,12921,13289,-368,False,5,1519,1360,159
0d3a819a-1e0d-474a-9c23-17263d5e81a6,13190,12774,416,True,5,1445,1410,35
0d4f4ef4-af77-4e70-80dc-71d381390eb7,12275,14421,-2146,False,0,1429,1725,-296
0d5b5202-dd16-419a-ad64-0b6ca355e7e2,13603,13198,405,True,4,1531,1445,86
0d5be20c-51ee-48b1-8a21-161a7cfd0a2d,13828,13713,115,True,7,1181,1866,-685
0d647ade-f2b1-4988-b8cc-fcb1f5db643f,12392,12452,-60,False,1,1332,1342,-10
0d7206c9-cf88-4bbe-8d85-bfe41a6a763d,13512,14094,-582,False,3,1588,1466,122
0d743270-99fb-4025-abd0-99358f156c34,13058,13207,-149,False,3,1641,1545,96
0d7c1d5f-e88a-4f69-8125-97e7c530fd1f,12480,13176,-696,False,4,1362,2087,-725
0d817656-3d04-4306-8a05-63b0f1b8dda5,13002,12591,411,True,7,1536,1292,244
0d84fa27-a3bd-4f0f-b91b-b6041deb6a32,12664,12904,-240,False,1,1498,1281,217
0d8d6387-0762-4d8b-a4bb-1b5a0655b766,11994,12402,-408,False,2,1165,1378,-213
0d93ac2c-427a-4e44-8323-58c51ac01832,10977,12070,-1093,False,2,1006,1526,-520
0d93c483-2df8-449e-81e4-2fa9fa46bb3f,13773,12525,1248,True,7,2159,1290,869
0da72e3c-ac80-421d-a64d-b725efda8078,13368,13629,-261,False,2,1601,1595,6
0db389b7-f997-463b-bb27-94f36ada171b,13967,13181,786,True,5,1266,1341,-75
0db44ab8-8d67-45a4-bc05-3242246373a7,13003,14904,-1901,False,1,1515,1384,131
0db5db08-776f-4424-aa98-cde0578132b2,12242,12309,-67,False,6,1160,1975,-815
0db99b28-0658-43ca-bace-c8d5b40b1232,13639,13484,155,True,6,1299,1468,-169
0dbc4b47-7131-4e4a-ae58-4295735a04f9,16291,12820,3471,True,8,3931,1009,2922
0dc14417-8e88-4641-a052-13e98e977cca,13925,12064,1861,True,8,2019,1302,717
0dc432bd-2e1d-45e2-912f-97b0bcc5d0c1,13426,13123,303,True,2,2052,1470,582
0ddb8b16-c88e-4b18-ac7c-00b871e4cd1a,12620,12975,-355,False,7,1322,1890,-568
0de4d399-8b16-4dd7-8772-6bd79fd1095a,12560,12199,361,True,8,1340,1405,-65
0deca194-acd2-417f-b151-5846f9087443,13788,12118,1670,True,8,1983,1357,626
0df35830-41cd-4452-922b-4687a4d552da,12930,13440,-510,False,3,1558,1587,-29
0e00389a-fd2b-46f8-bc51-80667ad6ab4f,12494,13095,-601,False,2,1295,1404,-109
0e0cb1b0-9770-4806-9eea-708084d6ead2,12946,12615,331,True,4,1461,1514,-53
0e196933-5466-4c2e-b7b7-6a8067cbd74b,13095,13555,-460,False,3,1570,1504,66
0e1b8388-b14f-4700-8492-2ab2e5ab59f5,13639,12976,663,True,3,1526,1404,122
0e202eab-642b-4e7a-b650-bf342c41902f,15446,12554,2892,True,8,2762,1139,1623
0e2570d5-7492-4699-99c1-22939a93b521,13276,12723,553,True,8,1283,1309,-26
0e2f2507-f843-4c29-ba23-913a1c4f99f6,13527,13196,331,True,8,1419,1642,-223
0e34928e-e545-4890-b27b-dec06d4fa50c,14576,12995,1581,True,9,1422,1377,45
0e384f25-deae-4a91-86f8-6e12c25ae4fa,12618,13901,-1283,False,0,1078,1286,-208
0e4caaa6-f5cc-4402-8f94-bb5ae9879c26,13462,13483,-21,False,4,1185,1287,-102
0e5ae4ef-4e6e-4a4b-9375-6335093ae9b1,13119,15145,-2026,False,1,1424,1597,-173
0e62d0cc-ba02-4dfe-aabe-c52a74a7a3e5,11999,12378,-379,False,0,1322,1418,-96
0e67e307-a801-4524-a452-61f8362fd073,13276,13062,214,True,5,1551,1690,-139
0e695e20-23c9-4c4f-b83c-601ac3b65082,12106,13214,-1108,False,1,1279,1415,-136
0e6d3b37-fa0a-49c0-b758-f97d2137f1bb,13373,12981,392,True,3,1587,1396,191
0e730b82-8f20-4bef-a045-351e0e758fb4,13510,13175,335,True,5,1465,1633,-168
0e81b462-c783-4709-a0b4-c65cca519cae,13129,14173,-1044,False,2,1220,1356,-136
0e8e6efc-9dfc-49a7-876d-7f34a4035c8f,10783,12072,-1289,False,0,739,1342,-603
0e976551-67f3-4acb-8e15-75cf6a134ef0,13540,12678,862,True,6,1538,1563,-25
0ec6fd8f-4ab6-4094-9a19-5d484398b4df,13073,15157,-2084,False,1,2172,1434,738
0ec8d1db-e626-4d58-83e9-56394fa7654d,12275,13112,-837,False,1,1331,1452,-121
0ec91f5f-7251-4436-b277-a6e275da9aea,13790,13486,304,True,8,1492,1369,123
0ed19169-347d-4139-b865-42382338b594,14473,12778,1695,True,8,1418,1707,-289
0ede8cc8-0eec-4e3a-ba0c-be5250093c4b,12205,12488,-283,False,2,1185,1394,-209
0ee0e065-a91a-47ea-890f-6d37253eb133,14336,14066,270,True,7,1653,1584,69
0ee9710b-0402-4da9-9504-45a0428a4636,13310,12677,633,True,8,1745,1150,595
0ef06e8e-ab06-44b8-a5fc-1d500ef62c89,12547,13099,-552,False,4,1522,1429,93
0efbc8d6-6837-4680-b349-3835f7b8e82e,12044,12686,-642,False,2,1256,1400,-144
0f042fae-60ab-4252-98ea-989052a9aa8b,12027,13246,-1219,False,1,1322,1344,-22
0f10b8d2-2b82-4635-9030-d96f2bf7b345,13780,13787,-7,False,1,1728,1639,89
0f1637f6-75a3-4ddc-b0c5-fbba7a2dcaab,13122,15998,-2876,False,3,1375,2228,-853
0f1f7a59-7adc-425e-a49e-3971dea68996,14151,12323,1828,True,7,1626,1277,349
0f2673de-9daa-45fb-9e9d-3dac5831b88c,11486,11372,114,True,6,1307,1290,17
0f2a6e3c-61f9-431b-9438-c0497c0d2498,13455,13927,-472,False,3,1587,1587,0
0f39c5d4-0884-40fb-8f52-c56a6df565a5,13535,14081,-546,False,3,1682,2084,-402
0f4e428a-f696-4f80-98d9-ca8fde7c8839,13487,12172,1315,True,7,1532,1149,383
0f55b9ec-4024-48aa-8e3e-02deb26c8b86,12867,12263,604,True,9,1224,1435,-211
0f612c0c-8a06-41de-8265-4363616ea29f,13834,13498,336,True,8,1545,1867,-322
0f62bfa2-78fa-4f9b-83eb-e0f5c93a601b,13288,12831,457,True,6,1439,1531,-92
0f720130-087f-49cd-83dc-c32cd816b4fc,13762,11484,2278,True,8,1492,1205,287
0f7b7ca6-6491-4774-b77b-84edb0ef3109,11000,11106,-106,False,4,1464,1571,-107
0f884e4f-80dd-4b80-b35f-405c9538a6d4,14454,13056,1398,True,7,1697,1313,384
0f8d4428-820f-4475-b488-b02be41bc376,12703,13117,-414,False,6,1615,1141,474
0f8d62f6-7a60-4d98-b42f-4963ce3589b3,13606,12136,1470,True,7,1595,1446,149
0f95f5cc-b50e-4e54-b8d3-976f8835842d,13681,12542,1139,True,7,1242,1242,0
0fa2a7af-8236-4586-8963-c64f051eb0d8,13367,13325,42,True,6,1484,1517,-33
0fa7a9e0-3dbb-4667-bb8a-939264f34a7d,12668,14879,-2211,False,4,1275,2962,-1687
0fa8104a-de29-4e17-b2d1-1fa234f8240a,11512,11734,-222,False,2,1518,1096,422
0fac15ea-6949-4b97-9a11-caed2171773b,11971,11894,77,True,5,1467,1361,106
0fb7c626-e380-433e-b7e7-c7e8c582e80c,12364,11651,713,True,7,1483,1378,105
0fc04963-f369-4340-ae3e-e2a05a783701,14013,13440,573,True,3,1729,1760,-31
0fc68329-3811-45aa-a70b-ebee393b1dd3,12609,12897,-288,False,6,1395,1294,101
0fce7a1b-3f95-4a0b-9690-7eeb03e27839,14512,13415,1097,True,8,1443,1511,-68
0fdaa90e-2850-49bb-98a5-18baeabe217e,12981,12883,98,True,6,1288,1583,-295
0fe564d6-7a6b-45dd-9169-a092b7d7aee4,13266,13297,-31,False,2,1831,1567,264
0fe6335b-fffd-4108-ae2b-614e948e141d,12983,13265,-282,False,4,1464,1441,23
0ff0ab6f-b7c2-432e-8a81-7774470c730a,13581,12577,1004,True,7,1541,1503,38
1000dfc9-7864-4e05-85d8-1036b5459253,13173,14048,-875,False,0,1162,1168,-6
100111fc-fc0a-4ed3-8b5b-798df7f7ddfd,13054,13180,-126,False,3,1367,1437,-70
1005c486-c2aa-458f-b75a-67b1769c029d,13000,14342,-1342,False,0,1400,1352,48
1006e4a0-ac1a-4f5a-af98-50d878488483,14415,13890,525,True,8,1671,1678,-7
102866a8-cb68-4d65-a561-91a2e09dbfca,14372,13223,1149,True,7,1507,1764,-257
102d7d12-5d53-4104-ad88-219e421a1380,12698,12617,81,True,4,1374,1396,-22
103e68ba-2a1e-40c6-a60e-24bbe9f2327b,11803,11581,222,True,6,1295,1299,-4
1050f704-f404-411e-bb00-05b0fbb402ea,13398,12449,949,True,5,1611,1277,334
105375e8-f89c-45f4-86f4-f9150a9d73d2,13752,13516,236,True,6,1268,1399,-131
105ac4dc-5e8d-4334-b8fe-c6a59ccd9bed,11834,12580,-746,False,1,1365,1996,-631
105b162f-15df-4b2e-8bc7-0dfe08bbdc0c,14247,14689,-442,False,5,1973,1516,457
10633b86-470e-4ef1-b3f0-343e5679c2a2,13865,12545,1320,True,6,1056,1186,-130
1070005d-58bd-4686-94f2-4314e64a5494,13656,13773,-117,False,1,2305,1493,812
10743f56-1bd4-4a65-95b9-350c05e7cf99,13728,13996,-268,False,4,1281,1777,-496
10779fc3-0255-4dce-ad00-65ddf148c1e2,13208,12929,279,True,3,1842,1463,379
10798f0f-55d9-463f-b04c-bf9883787871,14275,14053,222,True,8,1538,1446,92
108bd32d-e4f3-4c1e-a0c2-31838155a815,14013,13989,24,True,5,1586,1527,59
109ee21e-d755-4b7e-b605-9c925fc532f2,13798,14362,-564,False,3,1736,1899,-163
10a110d1-df59-4108-ba6c-2837a96b4e6e,13509,11508,2001,True,6,1284,1126,158
10c74a7e-538c-4406-9bf8-7024479a0bb2,12602,13493,-891,False,0,1420,1546,-126
10d1264a-e912-4057-8c29-216f8db4c5a8,12162,12990,-828,False,2,1337,1286,51
10d4899e-1333-40c2-b4e1-fa5405751dd0,12629,13259,-630,False,0,1416,1389,27
10e025bd-b666-47b9-94c8-fae30436dfdc,13917,11765,2152,True,8,1569,1084,485
10ec081a-67a0-4574-af6d-347dc9338b72,13186,13753,-567,False,1,1234,1502,-268
110bd7b9-74ae-4db4-a3ef-8568906faf3d,13614,14092,-478,False,7,1203,2732,-1529
1111e63d-38a1-45cb-b0a3-4213c09c8fb4,14455,13167,1288,True,5,2541,964,1577
111cd9f0-a1c7-41c1-a076-feb2ae895e37,12343,12043,300,True,8,1492,1359,133
112436d1-d491-44d5-ad40-e66edacf66f1,14443,12558,1885,True,8,1567,1535,32
112f44f6-4e04-49c8-ada1-b73b96330f7f,11910,13890,-1980,False,0,1147,2232,-1085
11316910-5046-4bac-9884-66aa1ad19070,13908,12452,1456,True,9,1645,1494,151
11355c0e-0368-404d-9b4e-c4a1804e9106,12802,13809,-1007,False,7,1113,2392,-1279
114509c4-da0d-413b-a7f5-2b1d41401952,14073,12854,1219,True,4,1520,1589,-69
11483366-386e-42f8-b274-56f5813bdc67,13112,14606,-1494,False,2,1303,1654,-351
116a0e0b-279e-4e9d-8ae4-d1126a3b6810,13708,13679,29,True,3,1861,1417,444
116f2404-08e1-4ca1-80c2-d84cde7348f4,15216,14271,945,True,5,1918,2297,-379
117187d0-1615-4a9f-8d35-b04bf6540b8d,14265,13301,964,True,8,1246,1204,42
117daf16-d936-41a2-8860-c5982be08b4f,11528,11255,273,True,9,1207,1104,103
117ed826-9cff-42c1-9f94-25b83f924077,12952,10757,2195,True,8,1412,1409,3
118f1485-a644-4f48-a894-d78c9746160c,13711,13050,661,True,4,1469,1594,-125
118f2b59-99a5-4578-8fdb-f0b454f86d3b,12446,11962,484,True,3,1928,1389,539
118fc926-4e4d-4b71-a93a-8c76a2e70c3f,13494,13383,111,True,8,1673,1597,76
11902fd7-63ca-4211-8f6d-047061be7776,12994,12816,178,True,7,1465,1623,-158
1191c84c-fe3b-4a54-b762-3ad555a8f4be,14437,14815,-378,False,6,1536,1947,-411
119cd5a8-b020-41dc-adb6-eeba9e4dab49,13453,11981,1472,True,8,1414,1354,60
119d4c35-7564-42be-a6a2-244dc734bd89,14062,14012,50,True,4,1460,1799,-339
11a2b851-95d9-4f29-a007-5f6a1ac5324d,12831,13340,-509,False,4,1553,2302,-749
11ad4ec1-23d5-4994-84d5-dab2bdca1071,13099,14870,-1771,False,0,1551,1613,-62
11c11d75-a05a-4570-a486-39dfa04a1a38,12563,12794,-231,False,4,1155,1497,-342
11c2b48a-cd4f-4c1c-8538-40f739c482ef,14754,12911,1843,True,7,1565,1422,143
11dadd20-f44b-40cc-979e-2b39868aa084,12373,12356,17,True,4,1324,1277,47
11e47be3-f269-46d9-9ef9-043511e1212e,11814,12641,-827,False,1,1277,1511,-234
11f219e6-ca7d-406a-b5a1-2a30a534d1cc,11977,12468,-491,False,1,1605,1365,240
11fc9594-8018-4060-b27a-7173e8b0ba38,14271,12406,1865,True,8,1431,1146,285
11fea0f8-9c32-416e-9c7e-eda77fe6531d,13639,13437,202,True,5,1675,1300,375
1220051b-7236-40dc-9423-193159f091c4,13186,13566,-380,False,6,1458,1514,-56
12207537-0792-48cd-bff2-ad88535324e1,13466,14726,-1260,False,3,1336,2193,-857
1230b56f-82d9-49f1-bc72-40f3d3f19365,12427,12840,-413,False,1,1443,1473,-30
1233328b-2d9d-4461-b8e2-fa7dc881c7cd,12302,12454,-152,False,4,1277,1415,-138
123f5367-b681-4bf3-bc7b-7f0c1c38721c,12151,11291,860,True,7,1460,1290,170
12401f1c-6431-4da0-99d1-66e11df43a26,14123,13648,475,True,7,1727,1573,154
124c7c97-23bf-4069-9ec3-9b6edb840ab9,13315,14144,-829,False,3,1480,1606,-126
1254c72a-59f8-4219-aee5-a2b6cd8a2b50,13031,13472,-441,False,4,1644,1606,38
12571b17-c70d-4c07-944b-e4ed9b082039,13278,14042,-764,False,2,2145,1965,180
126ab46e-906a-45ed-b24e-a659c01497fc,13968,13263,705,True,7,1846,1789,57
12731c9b-497b-4802-b7f3-4def975646b7,12385,13025,-640,False,2,1354,1304,50
128bd7d7-001f-4e76-a743-6befb437f093,12514,12675,-161,False,2,1147,1436,-289
12935f17-754a-4e4d-b2b5-8ac1f416e748,13340,13918,-578,False,2,1432,1686,-254
1293d4d4-23a3-4026-ac81-029de6d265e5,13912,13186,726,True,7,1574,1554,20
12998e14-99ae-4501-9a81-2cc164e2611c,12886,12714,172,True,5,1335,1552,-217
12a7d63c-e372-4789-8b65-3df6365c8c89,13605,13941,-336,False,3,1407,1607,-200
12defaad-8edd-4517-84fd-8a59bcf1bded,13964,11961,2003,True,7,1490,1249,241
12e05c0b-724b-407c-b0c2-453f20d7ef3b,14237,13602,635,True,9,1704,1500,204
12f3ee66-52e2-42d8-8ed2-9e79cfb9cad5,11772,12052,-280,False,1,1849,1192,657
12f57fc0-4daa-4ae2-afec-86df62214f7e,13565,13560,5,True,1,1320,1294,26
12f7dd6a-65d6-4446-9b7a-5b22b6295a54,11582,13017,-1435,False,3,1284,1511,-227
12f9ea41-1f85-46ca-85ac-07f4b972fbbe,13996,12023,1973,True,7,2308,1211,1097
12ff757e-36c3-46a4-952c-ff69e185cd92,12883,12660,223,True,7,1666,1478,188
1302128e-f1d3-4de6-a533-348f7c34c688,13909,13974,-65,False,0,1798,1054,744
13036c55-c0fc-4631-8479-f80b99f5eb00,13808,13668,140,True,4,1458,1372,86
13052cd3-b562-4fe8-a109-6454f1c8c4c7,12792,13522,-730,False,6,1348,1957,-609
1305beb5-b137-4b4e-b32f-b3e437b593f3,13188,13994,-806,False,1,1277,2032,-755
130c2027-eff5-47eb-9946-74edb43b8dd2,13154,15249,-2095,False,0,2750,1752,998
130f606f-e3f3-49b1-bd1e-793caf840e69,12290,12787,-497,False,1,1220,2010,-790
131798e8-0dee-472b-96e5-fdee863a0bbd,12811,13543,-732,False,0,1224,1561,-337
1317ce6a-248a-4b2f-906f-783ddb188d83,12121,14447,-2326,False,0,1469,2486,-1017
13185540-f4ec-45a6-b8d7-0e37191d2713,13286,12942,344,True,8,1765,1258,507
1321d63b-1ed3-478b-9e22-9e1c24e3cdad,14840,13875,965,True,7,1396,1458,-62
1324da76-dc1a-41bc-b333-d6577137074d,13665,13292,373,True,7,1926,1825,101
132ca9c5-6851-4dc2-9a4a-a42d00979a7f,12346,13136,-790,False,1,1310,1463,-153
132e418a-86de-4339-ba21-f89c5ed238a9,13780,13568,212,True,1,2262,1313,949
1334c5cb-0058-487f-a9b1-d423d92f8d52,11734,11915,-181,False,5,1445,1217,228
134388b2-c8dc-42d2-9fe4-e616f3c8605f,13263,12898,365,True,7,1559,1498,61
1353329f-4596-4395-81d0-775ffa1ce0bd,11739,13112,-1373,False,0,1088,1275,-187
1360666c-c6b5-47f6-a523-9699bc1a1db8,13180,13518,-338,False,0,1849,1732,117
13634a93-4bfe-42a1-9f9a-d11ee5e84330,13038,13141,-103,False,2,1200,1144,56
1365ead3-6162-497e-909b-b62a23a872ea,13880,12797,1083,True,7,1779,1096,683
136e496d-25bf-4aef-a4c6-6446d40becd0,12771,13125,-354,False,1,1446,1435,11
136ea9b0-1974-4e8f-bc11-d3c1b35b39fe,11150,12968,-1818,False,1,1170,968,202
13745f5f-1061-45b3-b9fb-51b7fa4f4460,12176,12360,-184,False,1,1164,1279,-115
137596ac-19ef-43d7-ad89-c8d459d1cff8,12417,13411,-994,False,3,1627,1538,89
137e3822-7b22-4ace-a322-1f6db02f9cfd,13558,13403,155,True,6,1461,1403,58
13976f78-8c48-4a6a-a8be-88f47a641cd8,13705,12649,1056,True,7,2273,1361,912
13977e72-a079-4edb-bbc0-70d48f3e0657,12783,12586,197,True,2,1331,1494,-163
139f66c2-6106-43bd-8ca5-08fef38d8ce7,13953,13019,934,True,7,1828,1207,621
13a49c9b-826b-416a-b88a-b0c5b2c3ec5a,12580,13849,-1269,False,1,1144,1755,-611
13a5dac8-ded6-4d9a-b8f8-89704171f1d3,12194,12807,-613,False,1,1393,1513,-120
13d5f74c-dd8d-4722-9806-c2b74373a482,16556,13588,2968,True,7,1881,1285,596
13d618a5-3771-440d-8819-9df3c60c10ea,11651,12865,-1214,False,1,1287,1060,227
13d65b98-41e8-4de6-96ac-f92f7fa1efc9,12520,14448,-1928,False,3,1932,1808,124
13d8da99-a014-48f9-94a4-225d9bcd934e,14024,13640,384,True,3,1633,1004,629
13de2eae-93fe-4e29-b46e-a09fb742ff26,13775,13790,-15,False,1,1294,1430,-136
13df2186-4107-4bcb-bc0f-492d21d09674,10899,10812,87,True,5,1113,1107,6
13e130c5-0c52-41f5-a51d-8b25ea048859,12896,12695,201,True,7,1545,1643,-98
13f1df59-0c87-4976-8223-700276be3917,13265,13383,-118,False,3,1974,1578,396
13f841ab-e71c-4a28-89da-f86be90c3395,12247,13699,-1452,False,0,1549,1699,-150
1400e21b-dd03-452c-99c2-346fee87b1f9,12593,14417,-1824,False,2,1363,1190,173
14019166-65bc-4fba-90ea-58a119ba7f0e,13402,12900,502,True,7,1441,1459,-18
14041f84-52b1-4d2f-8fa9-4b31201e3e5c,13710,12463,1247,True,6,1525,1365,160
140bd657-0a7f-45a7-841e-8ce92d4b3b8c,15065,13419,1646,True,8,1997,1586,411
140c1d71-e7ef-4928-8f04-d35c669f2908,11964,13321,-1357,False,0,1385,1452,-67
141d12b8-ad8f-4efb-b8ce-706a88972854,12683,14254,-1571,False,3,1354,2013,-659
143759b3-12c8-4c04-874a-74291ced5b38,12668,14885,-2217,False,0,1542,2130,-588
144d0dda-2a83-4a19-a0ef-93e386356ba2,13576,13026,550,True,8,1672,1937,-265
1451aab3-04e2-4398-b4e2-45d774620115,12830,13320,-490,False,3,1413,1701,-288
145700c0-25e2-4377-a6b5-e4890c424945,14675,13429,1246,True,7,1459,1404,55
146ae9cb-09c0-4878-bc11-01c824ff2433,13528,13398,130,True,7,1501,1678,-177
14774034-a381-40d8-810a-6dd242b27a3a,13264,12297,967,True,6,1635,1386,249
14884626-99dd-40cf-afd1-1a95a8c96ece,13051,14157,-1106,False,0,1164,1557,-393
149d039b-6037-4fa6-89db-cea40edf5469,12929,13699,-770,False,1,1262,1516,-254
14ac38ce-1e0c-4f5d-9b36-4e4cfe1e55c5,13097,13284,-187,False,0,1556,1515,41
14b09514-d34a-488d-b722-914b90e01cdf,13232,13400,-168,False,3,1557,1678,-121
14b0a962-e1a0-4f51-9ebf-52e5135bfa54,13176,13915,-739,False,0,2179,1398,781
14b33f73-a553-44ff-92b4-55679af47e4d,12680,13943,-1263,False,2,1390,1446,-56
14d41572-2129-41ba-8bad-356d01143653,12338,12793,-455,False,2,1558,1543,15
14d598fd-16c3-4f15-8067-afa082723f02,14324,12524,1800,True,8,1941,1097,844
14d9fc66-7c53-476a-8c2d-847ad8aaebc3,13437,13221,216,True,7,1664,1938,-274
14dc2973-09e1-45d1-8984-da9a84aff23f,14750,12583,2167,True,7,1502,1349,153
15101ee4-5398-4d19-979f-78581522c4ce,13969,13223,746,True,7,1651,1724,-73
151736f6-e06f-4e6a-8c6a-919c5b3279fc,13017,14537,-1520,False,2,1504,1633,-129
151748b4-f40a-4656-bdf3-aba6e98cc371,13730,15311,-1581,False,1,1426,1507,-81
15185200-54af-47c3-82c1-34acf59289e3,14300,13316,984,True,9,1429,1777,-348
151ee521-04c5-46dd-872c-daa3552db996,12463,13244,-781,False,0,1617,1178,439
152c6ea3-5f35-4fe9-b1b6-ac7802eefc42,13954,13664,290,True,5,1565,1206,359
152f9c38-eb3b-47cc-b2ae-f6f4e2352e48,12208,12661,-453,False,6,1383,2041,-658
154eac59-86e9-436b-85af-fc224feb0a2a,12945,16739,-3794,False,1,1956,3184,-1228
156139d1-956a-4097-b497-adc8149ffb18,12711,14695,-1984,False,0,1307,1467,-160
157b0719-dcc8-4024-8883-a333fddeff3f,12104,12137,-33,False,3,1301,1270,31
157bbd18-8b8e-4afe-a2a2-7f89c32dbc17,12555,12432,123,True,4,1367,1339,28
157f6ad3-dd33-461c-98b5-3aa237ad3d20,10775,14228,-3453,False,1,1250,1914,-664
1599085b-5819-4808-9132-ce404576cc63,13741,14985,-1244,False,3,1466,1662,-196
159a0725-c09f-41d0-b6bc-3d0dba636ab1,11170,12309,-1139,False,6,1122,1519,-397
159e17d0-82e9-4e68-9c6c-97e356e1e030,14446,13680,766,True,8,1674,2028,-354
15a1c0b1-d2d8-4a47-b430-40a57dd82e0c,13712,14081,-369,False,2,1708,1693,15
15c181e7-2ba4-46fa-a0a4-acc3ba20a69e,12444,13737,-1293,False,0,1494,1449,45
15d74a9e-7762-44a7-bb24-c1a22d4f4837,13088,13245,-157,False,2,1566,1666,-100
15dcd96d-4985-4236-b29e-8bebe9aadb0c,15175,11805,3370,True,8,2948,1167,1781
15e16bab-aef0-41de-96fc-6ef54f188063,11940,11906,34,True,3,1244,1255,-11
15e2a060-eaa9-446c-969a-e825a49b1bdf,13592,13002,590,True,7,1605,1565,40
15e57a81-bbad-48fe-af96-fc8efeaeac87,13785,13038,747,True,5,1726,1587,139
15f25d53-1f2f-449f-9c41-c18a971df30b,12870,14206,-1336,False,1,1571,1453,118
15fd9254-ca8e-414f-b5a7-edae33e3bd64,12497,11825,672,True,7,1314,1309,5
1601ccf1-c1e7-4e39-8a4b-74fdc8e3f7cc,12686,13045,-359,False,3,1406,1300,106
1608f675-0c99-4d72-bf70-f6445c47cebb,12018,11381,637,True,4,1167,1298,-131
160bb511-ddf9-47ec-9ab4-2b8a115a9bfe,13607,13260,347,True,7,1304,1419,-115
1615dca7-3548-4551-a1b0-f2ef10129e96,12641,12481,160,True,9,1314,1225,89
16174f17-42bb-4311-8930-7282cd984e04,10995,12665,-1670,False,1,1323,1425,-102
16390268-9551-44d9-9cb6-dc4de56ed190,12669,13124,-455,False,2,1653,1192,461
163ae890-896d-46ad-b211-de385083cda8,13564,13172,392,True,3,2108,1213,895
164286c2-8678-4cf3-9ecd-859efa35beca,12712,14290,-1578,False,0,1435,1528,-93
1644376b-61c2-40bd-9323-ad6c0ebd7543,14070,12625,1445,True,7,2213,1068,1145
164a6233-21c9-4fac-a245-ec9e7574b9b7,13180,13354,-174,False,0,1533,1514,19
16560bba-e5b6-4a80-8aac-5e21ed10d941,14116,13736,380,True,1,2602,1218,1384
1657fff5-c6ec-4179-a3d1-bd24a38dd947,12022,12168,-146,False,6,1421,1429,-8
16596b53-9146-42a9-bf54-aea91c9a2b5b,13246,13373,-127,False,8,1480,1679,-199
1661dc6d-c357-4522-92e8-08671cd1c4ec,12398,13417,-1019,False,1,1462,1492,-30
1665f153-0f5f-4e1d-981e-c6a7ac9a4ccd,13486,12873,613,True,7,1735,1452,283
16678e73-e668-4f28-874b-49c80bdf46c8,14636,13321,1315,True,7,1918,1215,703
166c362b-e1be-4c21-9c1f-491c0399a584,13484,14113,-629,False,6,1535,1654,-119
16955dea-2673-4d54-b515-60fd74fbc384,13446,13705,-259,False,2,1287,1307,-20
1697cb18-dc93-4dd9-be22-4b8028d91906,13262,12940,322,True,7,1304,1737,-433
16b12b2a-5382-40cf-bf01-ce059941e1cc,13884,12802,1082,True,4,1809,1374,435
16b6f807-621e-4c0f-b101-8c0f63022947,11769,13216,-1447,False,1,1316,1287,29
16b947f9-d2d3-45e0-b725-56889da0ba18,11615,12189,-574,False,1,1375,1348,27
16bff5ca-5de2-49ad-8948-f9d316330f55,12209,15307,-3098,False,1,894,2696,-1802
16c5dc96-25c8-49bc-a74d-6a7f4cc2cad6,16796,12869,3927,True,7,1728,1264,464
16c6011c-d527-4442-ac50-6635698340ce,14132,12559,1573,True,8,1845,1014,831
16ca9849-725a-4543-a272-3bcd3f72b40f,12383,13149,-766,False,2,1603,1376,227
16d6cc6f-e923-4686-a23f-d277f65d12d9,13913,13821,92,True,4,1609,1643,-34
16fb100b-0542-4682-997c-7747fd29be50,12751,13247,-496,False,2,1464,1496,-32
1706a7c9-75de-4ea5-ad0a-fe041a1f08f5,12971,12344,627,True,4,1452,1283,169
170b8d39-d253-417d-88f3-ea036c8b80b0,14856,13949,907,True,6,1435,1535,-100
1712b193-f5e5-4fae-88bb-e8750d34f344,11414,10951,463,True,4,1300,1103,197
17157b6a-e79c-4d14-a299-d131e6eae149,12256,12057,199,True,5,1342,1456,-114
171603d8-cd1b-4a63-b1c5-58ee5b882910,12366,13368,-1002,False,2,1512,1217,295
171707be-9074-42e7-9f21-3b65aa456648,12047,12383,-336,False,1,1622,1411,211
17191967-23e2-4829-92fc-46e19ff596e7,13156,12184,972,True,8,1530,1441,89
171c2b22-b182-4312-8116-fcda018fec4b,11829,12533,-704,False,0,1289,1620,-331
172d17f8-0e94-4cf2-b812-a3b458c397e0,11634,12053,-419,False,4,1441,1384,57
17351bde-c4cf-4073-803f-6ca4158f6560,12466,14261,-1795,False,2,1332,1883,-551
17397b87-413b-4745-9a93-5fabfb73d3a8,14629,13925,704,True,8,1379,1595,-216
173b37b7-c799-4072-b9ca-9d63a31decd3,13588,12744,844,True,6,1424,1269,155
17438246-ce9e-40f9-bea5-9bdfb05024aa,13385,13352,33,True,3,1332,1212,120
174ede62-e44c-4601-a741-f7dbb72039f2,12793,12932,-139,False,4,1339,1761,-422
174f0605-f54c-486f-86c1-0908063fe912,13917,12069,1848,True,8,1439,1458,-19
1753e15c-7d51-4cca-a85c-399018aa7661,13138,13470,-332,False,2,2251,1482,769
17636ae5-a67f-4859-ae8d-f0dd129d2d67,12457,12961,-504,False,3,1366,1446,-80
17642831-a8d6-4d89-868f-42dafa22bbf4,12868,13072,-204,False,2,1032,1033,-1
1765c7bf-4396-4403-819d-25984caa0b3c,13448,12904,544,True,7,1555,1356,199
176e6ac0-9632-42de-8891-2269b7831698,11396,12131,-735,False,0,1917,1147,770
1771b77a-f9ae-4654-8afa-44186d129bf1,13637,13311,326,True,7,1386,1629,-243
177294db-8d51-4590-951d-2921b2c04852,14081,14736,-655,False,0,2795,2685,110
17864e47-e4ec-4b31-a4fc-db5adc8dcdbc,12110,12020,90,True,7,1182,1282,-100
178be4ce-020f-4c8a-83e7-24e0f373b251,12070,13081,-1011,False,1,1158,1358,-200
178f707f-26fa-4e3b-ae61-24575aedaf19,12221,13870,-1649,False,0,1121,1717,-596
179534b8-e26d-4f85-9e12-573d9a17c90b,12141,13514,-1373,False,3,1229,1393,-164
17999624-3279-4280-9f99-569aa630cd4b,13855,12614,1241,True,8,1408,1312,96
17acb837-9893-458a-82ba-4f1a5535a3bc,13344,12913,431,True,7,1379,1499,-120
17b5dbb2-8049-4fc7-95f7-64c3bb4e66af,13107,13669,-562,False,0,1278,1122,156
17b799a3-9737-41ec-9d71-da1f88b644c5,12739,12560,179,True,1,2476,1915,561
17bca607-0170-4dc5-b1f6-133f20196696,14120,13135,985,True,8,1752,1320,432
17c571b0-4643-4749-bb0d-b92634150664,13429,12806,623,True,6,1681,1358,323
17ce4884-40da-41b0-b68f-a9ec861082a4,13558,11740,1818,True,8,1996,1473,523
17e6ea46-8e23-4c5a-9b95-115b789c271f,12253,11847,406,True,4,1381,1319,62
17e6f65e-45cc-425e-8f4e-422d851ff9f0,12371,13707,-1336,False,1,1337,2021,-684
17f18a47-10df-4106-a9c1-f3a9a38e3f6f,12144,12848,-704,False,2,1424,1257,167
17fadb00-06ee-4211-ba31-b0a234e187d8,11674,11628,46,True,4,1338,1163,175
18032ea0-0cf1-4f3c-9541-4e8b5a7e849a,12452,11572,880,True,6,969,1211,-242
1821bcaf-3a36-42cc-9f8a-ff30c57b5a0d,12710,13179,-469,False,5,1256,1267,-11
182fef33-6418-4782-b2ef-4607832b16ab,12461,13090,-629,False,0,1253,1474,-221
18324e05-0be1-4450-8e13-ccce8de40b0b,14029,12814,1215,True,6,1400,1167,233
18420219-f02b-41a2-9ec4-b2ff062cb2ca,13929,13906,23,True,5,2019,2088,-69
18473498-25c6-4467-94ef-11a4e93677a1,12107,12421,-314,False,2,1604,1332,272
18489203-a654-491d-bb3f-933eb0b7622b,14259,13442,817,True,6,1551,1396,155
185d5f65-2959-49ac-aedc-9d50f7148832,11943,11738,205,True,7,1297,1115,182
187110be-a4ab-44f6-af9b-f55fe1fc594f,11621,13263,-1642,False,0,1435,1543,-108
1883ee4d-8acb-4277-9169-201e54257546,14088,14584,-496,False,0,1448,1420,28
1895ed9c-ac50-4b6d-96c4-d065fdcc27cf,13591,11742,1849,True,8,1356,1207,149
189690e1-99de-4f2a-a479-004245fb9c7c,14317,12707,1610,True,8,1402,1285,117
18985e09-33b1-4bd0-89e4-552f17d99a9e,12890,12924,-34,False,1,1708,1371,337
189921db-6701-4b68-8943-0289bcf49985,13143,13543,-400,False,5,1915,1558,357
189bbaa8-33ef-4238-897f-18cc7281e07c,12732,12867,-135,False,0,1374,1327,47
18aa8d63-796b-4183-8d43-6035d011b5ba,12744,13226,-482,False,1,1335,1384,-49
18ac7059-e18b-4131-b313-7e6b3e11c0b9,11796,12427,-631,False,0,1648,1802,-154
18b1e8e2-8e0b-40b6-893f-66971bb2166e,13969,12295,1674,True,4,1704,1515,189
18b5b364-7ef7-4c76-a81a-b9cdb4c478c8,13135,14647,-1512,False,2,1650,1403,247
18b62c10-e824-460e-96f7-167022e5aaf3,13541,12640,901,True,5,1527,1132,395
18be0c9d-2a44-46c6-9dca-1eb48696712d,11980,12611,-631,False,3,1222,1720,-498
18c1b492-d436-44b6-aa41-ca1ad69bd58b,12380,13983,-1603,False,2,1732,1458,274
18c28fa3-9a5d-40fa-9d89-8e55335cbf78,12400,14855,-2455,False,0,1425,1188,237
18cf4446-a9d2-4445-bf87-2c6e57a2fe0e,12441,13022,-581,False,6,1316,2017,-701
18d22129-bada-45ae-a963-bbf1d4971ef0,13523,14154,-631,False,4,1206,1714,-508
18d3ed31-51d6-4dd3-999b-3eaacb13895c,13263,13888,-625,False,0,1386,1194,192
18de02fe-d53a-4abd-a2e5-27eca06b2ef2,12684,13546,-862,False,4,1421,1659,-238
18de7148-3975-44f3-bebb-99b72dad89f0,11590,13105,-1515,False,2,1345,1821,-476
18f0f9be-a68b-45bd-aaae-2914a65f43b6,12300,11938,362,True,7,1372,1279,93
18f5e984-1c46-4ced-8936-bbb9a0bdcb56,13245,14279,-1034,False,0,1341,1385,-44
18f969e4-2786-4262-9d46-de2ee97286c9,12743,11979,764,True,8,1416,1680,-264
18ff5dba-858d-4d52-95a0-7b3d8f47ba40,12720,12670,50,True,3,1484,1478,6
1902b208-fc76-44e8-91ee-9a30f2e21b22,14084,13682,402,True,9,1554,1302,252
19035231-ae24-4669-b5de-e72720c44ab1,13674,11749,1925,True,8,1332,1469,-137
1903c8cd-ad29-4971-b371-3b24e7efee78,12546,15126,-2580,False,0,1401,1479,-78
19234bda-cf4a-43fa-9c92-61dceb942e9e,12969,12860,109,True,1,1787,1338,449
19282cf8-ac72-4ac0-a62c-8d9d90d45826,12255,12348,-93,False,4,1347,1390,-43
192a5cdb-6074-4adb-b4b4-0747d3389c2e,13293,14344,-1051,False,0,1410,1821,-411
19475094-bff6-4b58-8843-0e218d246bae,13508,12118,1390,True,9,1423,1600,-177
194b431e-83a4-40f1-82a3-290e70cf3b47,12749,13681,-932,False,1,1015,1879,-864
1954cf6b-d6ff-4cc5-bdab-a6f155a9be7f,12069,13577,-1508,False,0,1180,1717,-537
19606bc3-2118-4b0c-a5ba-10fa90d3f4c3,13172,12961,211,True,8,1509,1636,-127
19675cf8-2129-4018-ae7b-a168f3e4fec9,13409,12831,578,True,5,1474,1511,-37
196a9bd6-f156-4171-9cc4-0ba06a449af2,12910,13471,-561,False,1,1488,1415,73
196efec4-0325-49fd-9f81-1fd636ffc632,13665,13676,-11,False,2,1541,1485,56
19715b45-764e-4e4c-817a-d7064e4f37f3,12722,11511,1211,True,9,1895,1690,205
19766e56-ebbc-4244-b4b4-45db105008df,12382,12168,214,True,5,1264,1433,-169
19777818-cf6d-4319-b918-d03d494e1c40,12761,12932,-171,False,3,1638,1096,542
197be2e1-5779-4cc2-9161-7391a2eba2a0,13012,12792,220,True,7,1395,1375,20
198b1a69-75c8-4e5c-b00f-c21513d2cce2,14263,12656,1607,True,8,1281,1716,-435
19972125-eff9-4d41-8b84-a0356c58e722,11859,13724,-1865,False,0,1598,1202,396
19a16776-767d-48f5-b45a-76e2a2f97ea9,12943,12239,704,True,4,1937,865,1072
19a8ec9c-065b-4fdd-abd3-ba4c4174f06a,13373,12608,765,True,8,1686,1295,391
19af432a-e547-4c49-881b-1b676796c960,13453,13719,-266,False,0,1339,981,358
19bac454-34a6-4608-b692-99487aa0bb7c,13688,13547,141,True,6,1910,1640,270
19dfd8fb-876e-4be7-b69e-2403f73f7ee1,13614,14441,-827,False,1,1437,1559,-122
19e0be7e-7c00-47d9-9dcb-23c39f96bb14,13400,13796,-396,False,0,1734,1440,294
19f76bb9-27e3-4136-a52d-cf69e931c52b,12882,12700,182,True,8,1307,1205,102
1a003467-fc75-42aa-9f8f-d2b1cdebc2d5,15163,11971,3192,True,8,1688,1288,400
1a08f938-ac8e-40e1-bbf9-36ef1c1e5e78,13596,13462,134,True,4,1387,1206,181
1a0a3da1-fedb-4e51-8055-8ff3e01c18e6,13597,13142,455,True,6,1232,1324,-92
1a0d94a7-b15e-4008-ab46-c9dcfee61fe3,16129,11467,4662,True,8,1748,1135,613
1a1bd0ee-7c99-4312-8b86-2603df91c031,13093,13757,-664,False,0,1681,1574,107
1a1d444e-a4f8-4d4b-8e2a-5c07a0868aa0,13321,12804,517,True,6,1501,1199,302
1a2622ea-5e7d-4faa-aeea-37220e1a2f90,13173,13676,-503,False,2,1367,1953,-586
1a286377-a742-4684-95ab-ca257d3c01e9,13323,14347,-1024,False,2,1511,1196,315
1a2d1d80-865c-4ca6-8723-f01c02cbfaad,15518,13832,1686,True,9,1651,1544,107
1a2e0440-9752-4de0-9f84-6890d75709ac,12330,14875,-2545,False,1,1108,1835,-727
1a328ea0-95c7-454c-8691-59920ae83dde,12820,13590,-770,False,0,1515,1547,-32
1a333215-72b5-4afa-a41a-a603f8ccf719,12597,13366,-769,False,2,1258,1454,-196
1a53f578-246c-4118-a1b4-51a5377cc0b6,12658,13756,-1098,False,2,1326,1720,-394
1a5924fc-dc3b-470e-8d6a-543839579859,11158,11606,-448,False,2,1226,1359,-133
1a5b1a4c-9acb-4aca-8203-4a72c0935629,13470,13905,-435,False,1,1796,1696,100
1a82287f-572b-441a-9a2c-c14168231952,12906,13077,-171,False,0,1494,1623,-129
1a896a3e-8fcb-4756-a3a2-ad0b306b1893,11836,12759,-923,False,2,1266,1228,38
1a8c4b00-dedc-41b3-9f0c-52165f259421,12368,13454,-1086,False,0,1392,1746,-354
1a90d973-5c6a-455a-9b93-668b3496c775,13964,14009,-45,False,4,2469,928,1541
1aa3a0be-ea68-4ee3-99c3-dc463534fa48,14230,12680,1550,True,5,2154,1306,848
1aa40ea0-dad0-4324-b4ff-ad913ce757e2,13614,14218,-604,False,1,2178,1884,294
1ab39a84-63ac-48af-bf00-e27293ff9360,12389,11966,423,True,4,1535,1503,32
1ab5ea3a-c36e-4729-9406-bcada75af5df,13720,13567,153,True,9,1392,1361,31
1abca37b-a47c-4038-91cc-9cd2ad578434,12158,11843,315,True,5,1374,1386,-12
1ac1b4d9-d678-4442-bff8-9a4668034f59,12404,11759,645,True,5,1295,1408,-113
1ac1d3c5-a144-4aca-acea-e588679d2f5e,13350,13111,239,True,6,1723,1239,484
1ac30eb4-8628-44bd-81b4-d666bbc04cb1,13356,12524,832,True,8,1347,1551,-204
1ac6bbfe-2ac3-48ce-bcf1-03af9a78b5e1,13648,12959,689,True,7,1438,1624,-186
1ad2a11b-f6b2-4540-8316-73552b19e8ef,12801,12137,664,True,7,1069,1372,-303
1adce155-5453-4ecc-a895-c2a126af8019,13500,14313,-813,False,3,1551,1710,-159
1ae5c246-db93-4414-8485-98d43682bedb,12240,12285,-45,False,2,1466,1438,28
1aec2675-bd44-4973-96b1-841b4fef2aaa,12010,12415,-405,False,6,1377,1416,-39
1af6f21c-1a38-48c7-a344-040eb99f6705,15089,12853,2236,True,3,2549,1285,1264
1af75c41-b7af-471b-872a-9af5a9b44be7,13227,11694,1533,True,6,1432,1172,260
1afb4ee3-5b91-403e-a8e0-7bb3cb47285a,14075,12805,1270,True,9,1474,1554,-80
1b05b99e-32b4-4391-a87e-3390ca49819c,12996,13092,-96,False,5,1503,1516,-13
1b0b1a47-19a4-4eea-b9cc-683ada5dd602,15578,13043,2535,True,7,2274,1306,968
1b186cf2-bca5-4bff-aa14-19d75697d023,13821,13042,779,True,5,1670,1467,203
1b1f5fcb-9071-4dab-97cb-85bdc50ca220,11872,12008,-136,False,6,1131,1304,-173
1b2355d0-c06f-4c5c-a295-f036b1b1c8df,12800,12003,797,True,7,1801,1072,729
1b2e9175-bb0e-490d-bc3d-1dfea4f79bcf,11322,11165,157,True,8,1120,1549,-429
1b32846d-e372-450c-8ab7-c399e3c23469,13758,13227,531,True,9,604,2977,-2373
1b3ef335-776f-4124-ab6f-b22aecd86d5f,13498,12899,599,True,8,1485,1648,-163
1b4ffd78-c236-432b-bc71-e237070f7b4f,13089,13916,-827,False,2,1523,1652,-129
1b5befb2-987e-4d6a-ae36-c4560efd5974,12675,13360,-685,False,1,1492,1468,24
1b62af54-e2e5-47ce-b71c-956593632331,10819,13018,-2199,False,1,1048,1293,-245
1b62e28d-4f6d-4d74-ac6f-8acad860680a,13696,14403,-707,False,1,1336,1395,-59
1b70c254-08a7-4cc2-9527-50bed0923076,13675,13460,215,True,6,1645,1303,342
1b76a382-0a65-4b27-9a88-f2576cc5500b,11795,15102,-3307,False,0,1254,1601,-347
1b811121-0bbf-43ae-9665-ed5da5843144,14016,12912,1104,True,8,1788,2261,-473
1b88dcdb-4123-448e-a558-81f214f1792b,12395,13512,-1117,False,0,1355,1624,-269
1b8ce5d6-5095-4f28-a086-ce239e7ce61d,11650,12843,-1193,False,1,1335,1292,43
1b940dab-225e-4572-a083-cb7926515a78,11634,12111,-477,False,2,1530,1246,284
1b97f83c-fc43-4b45-aaa7-d4460a7cc9a3,12646,13099,-453,False,3,1221,1399,-178
1ba6a610-77ed-47e0-b934-7a5a97dc23bd,13356,13139,217,True,7,1424,1265,159
1bc9b7f7-2fc3-4ff0-93b9-a32c07a53032,12796,13053,-257,False,1,1350,1517,-167
1bcea2fb-b7ac-4f6e-a184-18bc45e9c2b5,12080,11269,811,True,7,1339,1552,-213
1beda62f-1e25-4fc9-8346-e5ea2f7ae8ba,14430,12812,1618,True,7,1378,1447,-69
1bee37e8-d5c6-4b18-a59d-eb95f1ac9003,12969,12657,312,True,7,1259,1256,3
1bf6051c-480b-4b8d-9c7f-261b448cf944,13750,13416,334,True,4,1765,1781,-16
1bff4f6f-8311-440e-8168-44866583e259,12948,13148,-200,False,1,1453,1405,48
1c051452-700d-4b20-9f24-ab5bfd5264aa,13534,13850,-316,False,0,1758,1231,527
1c1b674d-b282-43d6-90d1-83c82d0c85f7,13266,12418,848,True,9,1364,1874,-510
1c295a99-ceac-4286-916c-a550268fbf70,13572,12310,1262,True,6,1588,1261,327
1c2b1b44-85c9-49af-bd02-52e44f567c32,12703,12846,-143,False,0,1515,1612,-97
1c2cb915-3819-44d6-9e26-d431b9170e05,13844,14296,-452,False,4,1498,1752,-254
1c364e0a-0ea7-43a7-b391-9b9520738284,13701,13675,26,True,6,1604,1980,-376
1c376e54-7719-49d7-9986-ca8d7f12f117,12488,13906,-1418,False,0,1528,1634,-106
1c3bb844-a59f-494f-b03f-697e3fbdf195,13280,14061,-781,False,1,1189,1862,-673
1c3d36f9-179b-45d4-ba6e-0f36f27b3053,11099,11509,-410,False,7,1155,1585,-430
1c4f2aa1-9b26-4547-91e0-da4fdbc208f7,12784,14380,-1596,False,1,1253,1784,-531
1c548ddb-9d17-4691-ae8a-61f426881bbf,12405,13464,-1059,False,0,1572,1875,-303
1c57e73f-53ed-4d6a-9908-18db80a13f9b,13486,14051,-565,False,2,1071,1446,-375
1c600682-a1b9-4e3f-bb77-b1c782be8617,12830,12499,331,True,8,1419,1257,162
1c62fd70-1ac4-4617-9a95-18d83a71a4fe,13580,12658,922,True,3,1399,1101,298
1c67a60c-86c6-45d5-b6da-f2cb62945d7d,15066,14469,597,True,6,1743,1520,223
1c689dd4-9dee-4ce5-8ce4-c949d2882ef7,13937,14155,-218,False,5,1429,1500,-71
1c6d8370-585a-4506-a935-d7bd68f8ad83,13152,14308,-1156,False,0,1359,1223,136
1c7347ae-ec6b-4b93-ba71-d0dbc96f30cb,12863,13356,-493,False,0,1633,1300,333
1c8fae22-d4cd-4063-b754-96bde8109bd5,12590,12862,-272,False,0,1557,1512,45
1c959369-c880-42de-bbfe-e7780e8fb25d,14216,14884,-668,False,1,2803,2338,465
1c9be05b-3e8a-47be-b326-3592aec788a9,12242,14001,-1759,False,0,1371,1235,136
1cb13787-6435-47f6-aa4d-7c4289264aa7,14918,13529,1389,True,5,1700,1119,581
1cb4ac4f-76f4-4c2c-a418-65a88319a4c3,12884,13647,-763,False,2,1268,1477,-209
1ccd2838-895a-4fdb-913a-290aa7d9c383,11801,11437,364,True,5,1428,1320,108
1cde6745-0428-4e2f-8832-d4efd9154288,12266,14640,-2374,False,1,1234,1873,-639
1ce0d3b4-5cc7-4bcb-bdb4-a085eb9fc430,12820,13390,-570,False,2,1370,1388,-18
1ce99bfa-f724-4074-b90c-3eacc5a1231d,14105,12655,1450,True,7,1713,1522,191
1cfc29e7-43cd-49e0-8cfb-e9e5b67f4dde,13378,12929,449,True,6,1654,1492,162
1d0600b6-5ea3-40ac-a348-daaf62220b2f,12789,12491,298,True,4,1652,1554,98
1d161d12-722d-4eca-8ab7-a7c20fac700e,11975,12037,-62,False,2,1358,1405,-47
1d343b4f-7aa5-4ba0-9d7a-d8afd3652d93,12765,12341,424,True,7,1268,1285,-17
1d3cbc29-f87d-4a8c-b90f-047d22266fa0,12605,12512,93,True,3,1668,1181,487
1d41cab0-3b52-42a9-81af-a6b0321d588b,13567,13304,263,True,3,1640,1291,349
1d45ee58-ecdf-4fa4-a0ec-cdf6dd2ecbff,13222,11964,1258,True,4,1372,1639,-267
1d55abcf-732d-49e4-949a-c8181de99ca1,14871,14618,253,True,8,1420,1577,-157
1d5799c2-5802-4da4-bfdc-9aa0a1d6ca86,12452,12750,-298,False,6,1235,1755,-520
1d6ecbf5-436a-4866-ad13-59c6153892b6,13262,13768,-506,False,2,1420,1457,-37
1d6f58e0-cc8a-477b-b40d-c2e054fec26e,13209,13425,-216,False,3,1217,1279,-62
1d702b92-5b12-42e6-bc40-f3a704111e13,13815,14632,-817,False,2,1206,1651,-445
1d758678-8261-4464-aa2c-653aaaf1b6cf,14846,13041,1805,True,8,1689,1361,328
1d75886c-40af-4ca8-844d-5e897fc3b97d,13026,13421,-395,False,1,1326,1347,-21
1d8a3e69-cc5f-4622-8550-2a47239c29dd,13876,14712,-836,False,1,1676,1889,-213
1d8cb747-a0ef-475b-8b7c-7fa1840e3270,13157,13003,154,True,4,1943,1479,464
1d8de5a1-ece8-450f-b5bc-35f786348471,13709,14768,-1059,False,3,1633,1398,235
1d97f18a-3564-4b24-97be-9f194a366dfd,13131,14518,-1387,False,1,1478,1684,-206
1d9a9e15-68f0-462b-bb8e-21043a653de4,11270,14149,-2879,False,0,1278,1254,24
1daefc79-bf55-4771-83e5-7051574cdc82,14110,15241,-1131,False,1,1744,2263,-519
1dbb24f9-e35c-4bb6-8954-e1b80e717e9c,14784,13593,1191,True,5,3258,2189,1069
1dd4aee7-0bf6-473a-a6e0-667b614eebb7,11942,12632,-690,False,2,1382,1365,17
1ddd164d-becb-4fe2-9e90-9dec8c2676b9,12849,13463,-614,False,2,1366,1580,-214
1defa225-db5e-4dd2-9d1a-1e0cd18bc8c8,12837,14154,-1317,False,1,1732,1472,260
1df411ff-4a07-4660-9c45-aca19f53965c,15044,13182,1862,True,8,1986,1052,934
1e1fc489-e16f-4eb7-9adb-9c9c0f8e59ea,13491,12418,1073,True,7,1497,1053,444
1e45adba-6390-42c6-9d12-5c138ffe8c20,15479,14728,751,True,8,1726,1439,287
1e530a50-b079-49c1-b8b7-38208540123e,11892,12345,-453,False,2,1217,1608,-391
1e65c625-4554-453d-86c0-3845b1320a92,14952,12309,2643,True,7,3068,1442,1626
1e720d01-ba29-4475-bf15-aaa87c2b532b,13789,14247,-458,False,3,1671,1546,125
1e81818d-09c9-4fc2-b6e3-94f15a23e6a6,12972,13086,-114,False,1,1602,1393,209
1e84e337-7770-4136-90be-1c56dcd76f2a,13604,14207,-603,False,2,1191,1635,-444
1e95d85a-075e-4f03-a459-87e73a3437dc,13741,14299,-558,False,1,1679,1476,203
1eb396e7-fcdd-4560-8b2c-81ba3b884796,14551,13563,988,True,7,1454,1595,-141
1eb608cb-6dc8-434a-aaa4-9dab01375779,13355,12841,514,True,8,1548,1260,288
1ec09f6a-2c1e-4e04-b49e-d472abf62c07,13314,12382,932,True,6,2039,1409,630
1ec4c019-f24d-4142-94d7-aa6385cea236,15114,13174,1940,True,8,3312,1868,1444
1edb90b5-1e61-471d-822b-d4d2a75259d0,13638,12786,852,True,8,1414,1710,-296
1edbbe4b-603e-4747-b26e-636dc3e06ef1,14244,12698,1546,True,4,1983,1464,519
1edcba57-5186-4d8f-9062-3707d414fba9,11743,11831,-88,False,1,1487,1448,39
1ee95b4f-3049-4806-9944-9106bfe0d36b,12990,12914,76,True,7,1522,1562,-40
1ef068d1-730b-4118-8b2f-33147a0db097,13521,13114,407,True,5,1446,1554,-108
1efbd512-7bbb-41b4-80e9-6a2b7ab14b11,12861,13312,-451,False,2,1481,1816,-335
1efd3a86-0d99-4e44-969b-03808fd26834,12581,13067,-486,False,1,1246,1217,29
1f044f9d-9a1b-499a-b6e5-4cb726ad6aa9,13275,12275,1000,True,8,1544,1216,328
1f091495-1819-472c-bdb8-709aa50f8ed7,13242,14728,-1486,False,0,1498,1453,45
1f0ca550-eba3-4402-8347-fe649376fedb,13221,15058,-1837,False,4,1414,1731,-317
1f16ce0a-ef39-415c-8433-5cd81487895f,15719,12472,3247,True,8,2372,1427,945
1f1d71d7-8a79-4b42-82ca-f83925ae866b,13876,13629,247,True,6,1711,1622,89
1f252aef-60fd-46ce-ba1a-cda62635f6f9,14055,12529,1526,True,7,1819,1083,736
1f2cc0ae-e6fc-4696-8d18-f8a4a0c02f0b,11963,12596,-633,False,0,1297,1566,-269
1f2dd866-5e1f-4359-9108-02e64afb4143,14717,11621,3096,True,8,3027,1664,1363
1f37fa81-2695-49ed-870d-d82c2ee9100c,11609,13174,-1565,False,3,1246,1289,-43
1f44d0db-ae80-4d30-883e-3de701a89b4c,15548,13208,2340,True,8,1518,1251,267
1f468aba-fc2b-4fdb-91e9-65b5788f9710,13207,12593,614,True,8,2436,1906,530
1f524a4d-59b1-4900-8fe0-d55b74395d69,13479,13262,217,True,6,1765,1200,565
1f54100d-1dc1-455e-a72d-8c22330ceae5,13928,14600,-672,False,4,1383,1221,162
1f567d3d-5253-45b3-b3a6-2ec8840a0d5a,14687,14304,383,True,3,1683,1452,231
1f6e9317-e9c6-4c23-a5bf-b8fc26695ca1,12726,12861,-135,False,3,1141,1177,-36
1f6eb0ab-4962-4b34-9d0d-32020f563509,13555,14058,-503,False,1,1583,1328,255
1f79b8b6-4600-4fdd-b1ce-69c4fa9ba00e,13869,13218,651,True,8,1842,1527,315
1f843c7a-f31e-476b-aa34-a39c027d61a4,12710,11952,758,True,7,1204,1617,-413
1f978221-5c5c-4a78-8919-3b3ce0b4716d,15244,14047,1197,True,7,2008,1171,837
1f9f140e-17cc-45f8-8fdc-737cd25f923e,17134,12675,4459,True,6,3543,1985,1558
1f9f637a-bbb4-4f61-8faa-b6411f11e194,13334,13817,-483,False,2,1668,1279,389
1fa653af-cf43-4371-a541-a0b54b311cd3,15331,12917,2414,True,8,1672,1719,-47
1fb0fcc6-3cbe-4309-94d6-933105953348,13839,13262,577,True,8,1126,2030,-904
1fbb463b-785b-485b-b83d-442ac6f94d4b,12629,13042,-413,False,0,1294,1389,-95
1fbd164c-6345-4349-9396-631c8149280d,11104,12850,-1746,False,0,1345,1272,73
1fc00123-c0cd-4b42-9fd2-e977391801f2,13214,13176,38,True,6,1451,1460,-9
1fcd7bf3-e853-4fad-95d6-3fdd1935fdbb,13666,12071,1595,True,8,1511,1398,113
1fdfe6e7-6d46-4e47-a072-d9bc9a7fd5d0,12648,13694,-1046,False,0,1709,1474,235
1ff8ec86-3ffd-4f2e-a1b6-9807843ccaa5,12628,14250,-1622,False,1,1618,1749,-131
2008869e-2034-4fb8-8f67-e1cf4b91c1bb,15597,12969,2628,True,8,2537,1761,776
20133cd9-65c9-4d21-bf7b-0332fb4865c6,13319,14786,-1467,False,1,1279,2517,-1238
20290616-113b-46b8-9423-85e07c2e0841,13140,14396,-1256,False,4,1386,1439,-53
203863bd-6bf9-44bd-8ff0-7307fbbefd37,13246,12692,554,True,8,1792,1738,54
204ae031-74a8-4c64-ba27-78370706212e,12066,12153,-87,False,2,1296,1262,34
2051a7f3-5134-4148-9fd4-1ea4f28b00d2,14053,13962,91,True,5,1555,1366,189
20548cee-8bb4-4896-930b-480db1801963,13112,13762,-650,False,4,1008,2710,-1702
205c2d9a-d5ef-47f3-9d0d-a42925d20a4d,13009,12479,530,True,5,1677,1224,453
205c6f1a-ae27-4289-8076-9839228ae2d2,13854,14506,-652,False,3,2219,2518,-299
2064d930-2801-4dbf-9c04-0df6bc6fd90d,13924,12927,997,True,8,1648,1573,75
2065bffd-03dc-4f86-b268-f87de31783a4,11329,10235,1094,True,8,1005,1205,-200
206d182e-e71d-44c1-8459-741241fa1d24,15070,16195,-1125,False,0,2044,1355,689
206d3677-b796-40e4-814c-efe0628bf8cc,13054,14031,-977,False,1,1603,1753,-150
207693ab-37b5-4b7f-82bf-204f02581eaa,12857,12878,-21,False,3,1757,1651,106
207a74a3-e5e6-42c6-94c2-114f2023e4b6,13466,12431,1035,True,8,954,1510,-556
207ceca2-fce7-4ae1-b9a4-cb1066286807,11638,12168,-530,False,6,1006,1845,-839
208821e0-1406-4a60-bd80-e1f997ce924a,12485,13326,-841,False,2,1368,1539,-171
20995aa4-a95c-439f-bdab-84b043d223dc,13069,13494,-425,False,2,1560,1701,-141
209a3395-7d1c-4b39-b3b2-9b79dfebec62,13511,13451,60,True,4,1906,1534,372
20af4c90-1b86-47bb-929c-60007a1adae9,12796,13785,-989,False,0,1378,1527,-149
20d694bd-0633-4915-ac57-77f480c8752b,13276,13248,28,True,6,1502,1253,249
20efd6f3-0c0d-47d9-8827-48753d156bf6,12636,12464,172,True,8,1305,1166,139
20f2c248-4d27-46c1-9f21-dbfca0439e6b,13902,12194,1708,True,4,1692,1516,176
20f52250-2010-4a3c-b51a-54796f0d9348,13154,12431,723,True,4,1801,1130,671
20fcae79-392d-48b7-adb5-c1589c750b0d,13227,13560,-333,False,5,1360,1535,-175
21017ffc-58fa-4308-97b9-2a2ea6fc1dc3,14034,11362,2672,True,7,2247,1100,1147
210ec95f-c56b-416f-9460-715be825a98d,14996,13227,1769,True,5,2151,903,1248
211463bd-9c37-473a-ae64-f74de04d53c8,14138,12794,1344,True,7,2385,1344,1041
211ca339-ff25-425a-b4bc-40be35d56bcb,13172,14863,-1691,False,1,1643,1873,-230
21293eb0-5df8-48da-9dce-483fda3bd45d,13210,12625,585,True,8,1546,1522,24
212cf548-9e5e-448c-8b64-cc8ae251646a,12866,14015,-1149,False,1,1377,2012,-635
213e7f68-723d-4966-80ff-8a1345fa56be,14198,13210,988,True,5,1394,1459,-65
21409273-ec85-46c4-bb7a-cb05c90eafa4,13637,13091,546,True,8,1730,1339,391
214611de-594c-4de7-8905-a3bc0ca10371,14672,12953,1719,True,6,2017,1243,774
2147a40f-b069-45da-910b-5fecf39ba45c,12966,14274,-1308,False,0,1025,1845,-820
214a1ce7-e025-456b-8ef9-0af6f7f379fa,12727,14712,-1985,False,2,1514,1611,-97
2150f587-4cd2-4e5e-8153-79489536e768,12542,12700,-158,False,2,1428,1402,26
21559a72-361a-4a94-a286-5407f7d2f38b,13033,13911,-878,False,0,1672,1561,111
2157dadd-6d3c-4181-8187-9e67e7144d0d,12941,12790,151,True,4,1430,1336,94
21614312-ab22-4d71-8a7a-e1ddbbcba022,11901,11911,-10,False,6,1269,1525,-256
216766bf-1bcd-4a3b-9b6c-31ebce6228e7,16009,12298,3711,True,8,1513,1308,205
216c1748-9f14-41a7-acef-00038763efb4,12836,13374,-538,False,4,1272,1216,56
2181267e-f778-4455-a1b7-fccbfbdcb208,11980,12231,-251,False,1,1232,1249,-17
21a9c45a-0555-4fee-8ac8-48fe65fc77ef,12438,13751,-1313,False,1,1238,1974,-736
21be60c3-b351-492a-88a9-1c7426cc8ad7,14383,13892,491,True,6,1419,1259,160
21d21b8d-f5c7-4da7-a2a0-bebc216022ce,13100,13090,10,True,2,1492,1695,-203
21d4030e-1e26-4ecd-9645-0b9a25317ffd,11486,14314,-2828,False,2,1283,1381,-98
21d6e46a-6b6c-4466-8e07-ab887628f225,12538,11760,778,True,7,1778,1407,371
21e04f7f-f2cd-48c1-b980-88e960b36ed8,14769,14263,506,True,9,1456,1203,253
21e4c245-b8a0-42d0-a6e5-57b978900a06,14956,14542,414,True,7,1583,1189,394
21e4ec0e-9c1a-45e9-8161-9b7328dd2ba3,13633,13799,-166,False,5,1456,2031,-575
21f3f4fb-edac-40af-9127-04cb5d9f6730,13354,13202,152,True,7,1443,1444,-1
21f9adb5-5a2c-43e3-bc73-8dd00d31f5fd,12253,13011,-758,False,2,1622,1255,367
2212459e-3834-4ceb-a5f7-836f10ae3a6c,12018,13222,-1204,False,2,1384,1306,78
221f6beb-cffd-4cdd-8a05-4f5098e9ecb5,13696,14389,-693,False,2,1307,1393,-86
22249265-702d-405b-9b70-4656303b2861,14965,14643,322,True,5,1717,2184,-467
223b0438-664a-4c54-ac0c-e2d37d3be70d,13581,12739,842,True,5,1527,1136,391
223d3aad-0941-474f-a10e-58c2ee240c7e,13779,12937,842,True,2,2079,1400,679
223e5b16-d37d-45fc-a443-2775790add09,13868,13095,773,True,8,1654,1405,249
224c8453-0417-4e79-a6f9-450d73784275,12975,12878,97,True,1,1549,1266,283
224f5ac4-2d42-4ded-a956-1e117f1f2775,13917,13521,396,True,9,1448,1613,-165
2257d5dd-7217-4ce1-84b3-984c8c79c935,13746,13854,-108,False,3,1542,1514,28
2258c2b4-70db-49e5-b291-83a6903abb6e,15130,13767,1363,True,6,2370,1238,1132
2262e974-76d6-423f-85e4-b0299296d92f,13772,12980,792,True,8,1497,1488,9
2268d487-4995-4a90-b95e-1bda13823711,13963,13519,444,True,7,1500,1516,-16
226de6c0-181d-45b7-8c21-c986cab49521,12363,14078,-1715,False,0,1270,1587,-317
22736658-f573-43f8-a0af-0cf7f2003039,14154,14297,-143,False,0,1658,1551,107
22758935-9da6-4ca3-a6ee-1dc586cc638b,13848,14429,-581,False,1,1574,2017,-443
2280f270-5978-4470-be1a-752e10b5ec0b,14686,12784,1902,True,8,1875,1561,314
22926a52-e9f4-45d5-a721-ef77c80305e6,12264,12420,-156,False,5,1120,1551,-431
2298d776-7ff6-4e53-8106-f71c3bc59935,13498,13584,-86,False,8,1525,1725,-200
2298e42b-89cf-4207-9e87-0eca9c3da24f,13027,13003,24,True,2,1705,1598,107
22a27079-6523-4cdc-ae46-5f7e18c63a3c,13193,12685,508,True,4,1683,1134,549
22a3b8da-290e-4da5-9a65-97b6e2131a4d,13875,12686,1189,True,7,1649,1476,173
22a469b8-8258-4b08-b46d-8fbe359810c8,14089,12258,1831,True,8,1549,1456,93
22a800e3-86a5-46fc-b586-bb9add89d3f2,12813,12985,-172,False,2,1528,1445,83
22b30ab2-9798-461f-b5ab-814af6a32849,13340,13104,236,True,8,1464,1674,-210
22bb1f57-6dec-46e3-85e1-d720b69ebc91,12967,13208,-241,False,2,1191,1612,-421
22bd6e53-c88c-47da-af22-a4ce10c23273,11779,12626,-847,False,3,1391,1212,179
22bf53fa-e04d-4c27-8505-f401e2395209,12316,13213,-897,False,1,1451,1464,-13
22c6137c-1fd5-46ba-87fe-12f5b9ad6324,14273,13574,699,True,5,2556,1815,741
22c82b43-65a2-45dc-92c5-c34b7c4fefee,13777,14556,-779,False,0,1138,1478,-340
22f47585-b42f-46e6-aa1b-f3a8197034c8,13449,14421,-972,False,3,1240,1345,-105
22f784fa-9d8c-4f81-a387-e0b3db06d44d,12955,12893,62,True,8,954,1254,-300
22fc8402-9e94-4a1f-85ab-a10a25cb61b0,14424,13751,673,True,7,2277,2102,175
22feafa5-29be-42b0-86f5-7f0b81db29bc,12556,13193,-637,False,1,1240,1314,-74
22fee30b-d827-48f1-89c1-4bb60f6832d2,13118,13290,-172,False,6,1265,1415,-150
2308d90f-07fb-4126-9c41-7533efc75458,12859,12752,107,True,5,1383,1474,-91
231545d6-fe53-4587-83a6-359a44f1b636,13096,12841,255,True,8,1396,1275,121
2338779a-07ce-494d-a552-fad4d16ca46e,11759,13448,-1689,False,2,1548,1541,7
23466d4c-fc40-495e-b347-588f1cba113e,14201,13562,639,True,8,1528,1759,-231
234946b4-22f0-4d99-9ad8-1d47d791ec55,13162,12761,401,True,7,1370,1347,23
234a315b-3505-4430-8fd3-6667260a698b,12560,12246,314,True,7,1458,1147,311
23551609-386d-4447-941f-d81762fb0c72,13554,13242,312,True,4,1440,1644,-204
236897be-d91b-4f30-a115-4d6f963bca09,13654,11482,2172,True,8,1052,1795,-743
23689a8e-63a9-4460-83f1-1b610d6f64f5,14324,11944,2380,True,7,2004,1080,924
23696402-d8a7-417f-892c-d3d85d464b3b,14277,13293,984,True,7,2859,2462,397
236e27b1-9ad2-41b3-9f2f-39bbf323c1f4,12656,13403,-747,False,2,1500,1488,12
2370c9a4-7cbe-4939-99d1-e2e85e0b9468,13323,15196,-1873,False,0,1437,1807,-370
2384bef4-071b-46c9-a331-a01a3ee838ef,11122,13995,-2873,False,0,1087,2553,-1466
238f291f-71dc-4a9d-89c0-961355d2f609,10756,13077,-2321,False,0,1221,1279,-58
2390cf36-660c-4cc5-943c-3655bc844d8e,13354,13085,269,True,5,1415,1483,-68
23a072df-2bef-43f6-a036-2a20bbe190b6,14234,13158,1076,True,6,2118,1737,381
23a3c386-8096-4bfa-ab6e-7719ef6037d4,12667,13588,-921,False,1,1527,1676,-149
23acdbcb-a398-4c85-92d1-30398e9d2572,12678,13028,-350,False,2,1565,1493,72
23b929e6-b32e-43d9-a79f-da2790560eac,13337,12989,348,True,7,1579,1325,254
23ba0980-6b65-4660-b449-b96b07cbe118,13504,12863,641,True,7,1157,1658,-501
23ca4d0d-3217-41c6-a043-c975a845a4fb,11575,13070,-1495,False,1,1298,1569,-271
23caeea9-626f-4469-9dee-1be193cf119e,11931,11925,6,True,6,1515,1855,-340
23cd2f84-c1e4-40db-ab8c-eb85744a7865,13854,13622,232,True,4,1812,902,910
23d96be2-04a8-48a3-8e22-54f2532c3a38,13019,12945,74,True,4,1496,1387,109
23dc8611-74f3-43e0-9195-9d80c6d1f103,13489,13657,-168,False,8,1336,1806,-470
23edcfc3-fd01-4b76-a85f-d5261f1e89f1,13931,12400,1531,True,7,2828,1378,1450
23f45526-42de-4522-a4a8-cc7fbe7ecc4c,13668,12766,902,True,6,1443,1340,103
23f8b93b-6970-43bb-9555-24426e9cbd54,12690,13159,-469,False,2,1355,1206,149
23fd6e51-d3fa-483a-8ad5-a9b12c261643,12993,13719,-726,False,4,1263,1587,-324
240a9a46-456c-4402-9f30-5bb4d85be978,13689,13915,-226,False,2,1419,1390,29
241052bb-be89-43db-868a-29cbadd6ab05,12074,12806,-732,False,2,1421,1508,-87
2417a9cb-59e9-4ed4-9560-440af1fac710,15347,13333,2014,True,4,2918,1077,1841
24233672-c303-4584-bca9-dd2b80c68782,12994,13904,-910,False,2,1450,1574,-124
24242d69-e93a-4d12-86f6-9ef66f9018d2,14176,13071,1105,True,7,1605,1298,307
242512e4-106c-4b98-86f0-759d63fb1d25,11687,11189,498,True,6,1280,1420,-140
2431b7f0-52d8-4a38-951c-71ec3557fd6b,11349,11820,-471,False,2,1630,1205,425
243894f6-f98b-4aae-80f7-eede8c0cc8d8,12803,14376,-1573,False,1,1470,2236,-766
2451fff9-fd1f-4714-aa03-bc011de2fe16,15699,12855,2844,True,8,2857,1431,1426
24523534-f044-4148-8537-7c9d108b35ea,13165,13153,12,True,3,1451,1223,228
2461684e-4477-458f-a716-dba4c9003544,12349,12357,-8,False,5,1331,1138,193
247034bc-835f-4111-a9be-6982c26c02b8,13199,12992,207,True,8,1326,1516,-190
24727750-bbe6-4d31-aa8c-469271359ae6,13751,14251,-500,False,0,1853,2146,-293
247929f1-c9c1-40de-8cdd-e654c4c31561,12774,11775,999,True,7,1253,1275,-22
24960341-ddb1-403b-bd33-37b6690f909b,13607,15001,-1394,False,1,1946,2055,-109
249892f1-9964-4150-ab7e-771766d39a77,11852,12674,-822,False,2,1336,1582,-246
24b2ad9e-0736-419b-9706-3c3320ea19c0,13192,13023,169,True,7,1509,1465,44
24c0edce-732a-4ea1-a68c-207cdbeaf07c,14289,14040,249,True,8,1691,1795,-104
24d97f13-54c4-478f-8d6b-01d92b7c99fc,12790,13792,-1002,False,1,1312,1439,-127
24dc9fe4-3fb5-49ea-a46f-4cf49a1e5c00,14038,13593,445,True,8,1533,2017,-484
24df8f23-6bd4-4af2-9e6c-3cbf630053db,13334,13801,-467,False,0,1355,1471,-116
24e51a5a-abcb-4ad1-9355-8c0cd23ff40f,13583,12827,756,True,6,1651,1239,412
24e6b05f-9dce-4bdc-b365-23a8f694108d,12721,12675,46,True,7,1340,1522,-182
24f301b9-ba91-4155-9a97-ca02b42a4c51,12679,12515,164,True,9,1232,1611,-379
24f6a630-bd85-40d1-93cf-117b7181d5b4,13092,14002,-910,False,2,1691,1458,233
24f8cc41-dc35-4089-af7d-9f8eed605ba0,12892,13227,-335,False,7,1257,2639,-1382
24f90b77-c722-4f1d-99d4-356f9dde3033,14199,13803,396,True,2,1617,1149,468
24fdef64-1427-476c-ba93-c96059f125e0,12633,12579,54,True,8,1220,1634,-414
2500ef6f-d48c-457f-9f6f-8e51b8eb4ee7,13469,13945,-476,False,2,1608,1731,-123
251b20f4-b2fe-4769-a9f6-0c8c21505c54,12423,13027,-604,False,7,1619,2309,-690
251b7543-0a3c-4597-8cb1-04a3c3fcdc47,12867,12548,319,True,4,2530,1839,691
2524988d-dad6-4f42-9103-67ae70a41874,14647,14950,-303,False,1,1403,1416,-13
25390ee5-d06e-41b9-a5ac-b82a5d017350,12291,14507,-2216,False,2,1165,2011,-846
2541378f-4d70-4491-a83c-2233062cf96f,13502,11857,1645,True,7,1348,1418,-70
25624512-843e-4f75-bd55-f0f84cfa33b6,12817,12313,504,True,5,1328,1447,-119
256f2efc-fd49-4c8e-ad50-9be185018d2b,14237,14129,108,True,3,2165,2342,-177
257a8453-0ef9-4792-b2ea-e5c18200c8b6,13675,13991,-316,False,4,1457,1605,-148
257b27f6-c8b8-4a88-8b97-dabff8e2ee5f,13288,14227,-939,False,0,1765,1971,-206
25818585-d9b1-4834-820b-83933ccdb855,13535,14374,-839,False,0,1581,1500,81
258c77d0-6226-4243-892a-8d9de5a5b401,11344,13030,-1686,False,1,1512,1273,239
25a37761-8bc7-4809-8564-fb3072ae2942,12438,14930,-2492,False,0,1289,3121,-1832
25a8291a-0ec5-4cf4-9c4b-f358cb522401,11549,11343,206,True,7,1303,1135,168
25a9f2cf-1427-41e7-a04a-641bdb4d706b,14214,13008,1206,True,9,1772,1576,196
25b5483d-9331-4f0f-8d4e-07e1e352715b,12971,14778,-1807,False,2,1378,1898,-520
25ce7aca-b5b4-4f70-b261-fe5be7b61f25,13200,14023,-823,False,0,1534,1542,-8
25d3c2a3-2d72-4f08-acf8-5a43baf29e17,12037,12391,-354,False,1,1627,1240,387
25ea4eb8-8e17-4e6b-b644-a2517e85952d,11564,11815,-251,False,1,1226,1500,-274
25f88cee-9f0e-44e9-8b2a-14e6f65edf55,13690,12513,1177,True,8,1370,1216,154
2613f199-2fc4-484c-a24d-d9d6be6e877d,12818,13432,-614,False,0,1444,1540,-96
261e5f7c-a838-48bf-bc96-350be1e200a5,15315,13091,2224,True,9,2970,992,1978
262571a8-2616-4350-9920-9b5b8cb925cd,12428,14619,-2191,False,2,1156,1503,-347
26277562-2bb3-46c6-aca8-fa8b6dd4b970,15268,14385,883,True,6,2072,1607,465
262b0d87-80d8-44a9-92ce-3fb3e2d3331b,12320,11818,502,True,7,1377,1348,29
263a20e3-9094-4adf-ac25-59fde6a4fa51,14268,13929,339,True,7,1320,1717,-397
264b7b01-fb67-45c0-bea0-cce393e77a30,12945,12022,923,True,6,1651,1793,-142
2654905c-4de5-4063-9ff7-7734b4101b5e,13202,14010,-808,False,6,1098,2583,-1485
265c75f9-5a4f-4be7-98f1-3d174707f15d,12938,13138,-200,False,3,1661,1997,-336
26634c24-d84f-4bff-a70a-1f9748501fad,14805,11997,2808,True,7,2453,1367,1086
267522d4-92ac-48e9-8de4-a5e84c43879a,13948,14347,-399,False,3,1278,1482,-204
2678d25c-d695-4214-9789-d9e2a54ef4a1,13678,14633,-955,False,1,2103,1399,704
267bca03-d07e-4367-8360-92eb80c69e84,13704,14963,-1259,False,2,1427,2434,-1007
2693fbf6-503c-4beb-b41f-dd0a459e204e,13195,12971,224,True,3,1461,1512,-51
2694e3bd-bf43-49f2-8174-de1a07822167,12956,11992,964,True,6,1521,1204,317
26a34d28-c55d-4fbd-aebd-1645554b4056,13131,13592,-461,False,4,1451,1997,-546
26ab6284-b8c7-4589-9b19-f93e0ea00e9d,11125,12201,-1076,False,0,1391,1058,333
26b660f0-f6a0-44a1-8c26-b395e68470d5,12417,14914,-2497,False,0,1654,2283,-629
26b71ec9-5579-4057-b486-62d9f43d7d65,16089,11894,4195,True,8,2331,1182,1149
26be51f8-8fdc-4851-9f71-c9fcb55b55c7,13747,12839,908,True,7,1359,1910,-551
26c7426b-2367-4608-a056-1d999b49e154,13375,12518,857,True,7,1473,1308,165
26dbb01b-4189-44de-965f-02a98309798c,15194,12880,2314,True,6,1919,1472,447
26e3a788-bf2c-4a61-9eb5-82cb5ce58e3f,12226,12754,-528,False,2,1383,1340,43
26ec7822-2df4-425d-b03e-9f43241fdbd3,13210,13303,-93,False,4,1310,1499,-189
26f5cf3c-ee48-4016-8782-34060d662560,13736,12852,884,True,7,1687,1560,127
26f7df5a-4071-4eab-8af2-d23a65d7c19a,13163,13942,-779,False,3,1173,1936,-763
2703006b-f60c-4ac2-aca6-279621902ce9,14261,14896,-635,False,0,1436,1611,-175
2716390e-4799-44ed-9431-8bf2e349bdf2,12742,12565,177,True,4,1506,1622,-116
271d1d6a-ffd8-4bfd-967e-88169261e602,11132,12022,-890,False,1,1427,1298,129
2722da55-f561-4e01-abb2-740894984485,12790,13168,-378,False,2,1291,1681,-390
272f675d-e398-4f14-bda5-bb2ef3fe324d,11190,11090,100,True,6,1288,1096,192
2730aaf8-207e-4b7f-89c5-cac309b6176d,13375,12988,387,True,4,1448,1753,-305
273771c3-4c78-4b5e-a64b-471ef266b107,12582,13102,-520,False,0,2008,1441,567
274d3473-7631-44dc-9463-f28e66d739f4,11854,12235,-381,False,0,1204,1381,-177
274ed9f0-efea-4731-9f59-816a10b64d98,13339,13465,-126,False,4,1480,1756,-276
2753e330-fb6c-427b-a55b-b85bbab1cc9a,12048,12909,-861,False,2,1208,1364,-156
27567f0e-1c31-49d0-a7d9-2c7cbff8c584,14793,13129,1664,True,9,1574,1251,323
2758246d-e671-49d8-9c47-669f406a8340,13282,13344,-62,False,5,1184,1500,-316
276195ae-6793-465d-9ca1-664b6cd90aef,13487,14052,-565,False,1,1888,1955,-67
277398a8-f4e3-4549-b071-2fb44a5339d4,11116,12526,-1410,False,2,1146,1208,-62
27757bac-4cce-4ab0-8e43-3c48585c0033,13123,13659,-536,False,5,1228,1909,-681
279876b7-9c55-49b8-ab87-5cd09f4ae0f2,13303,12138,1165,True,8,1386,1643,-257
27a15380-9493-43d4-852f-4b906edf94c2,13976,12804,1172,True,8,2205,1829,376
27a3122f-5078-47f4-bd5d-54b6703f3d03,12767,12242,525,True,7,1366,1440,-74
27a93b20-9b38-4194-beb9-cb449b3fea98,13677,15617,-1940,False,2,1401,2169,-768
27ae35a2-b08a-4c60-9b45-45c11ce3867c,13882,14517,-635,False,0,1765,1691,74
27b55264-2180-4c32-b691-dd0f93b6125d,13499,13220,279,True,7,1509,1319,190
27b64ef3-df13-4a5e-a484-1bd537194d6c,13075,13623,-548,False,2,1552,1361,191
27b96afe-b786-495f-8c07-4e2f5bc88c14,13408,12588,820,True,8,1708,1171,537
27bebff9-98ff-48f4-920a-62a1603ca16e,13970,14042,-72,False,2,1411,1432,-21
27ca46af-c19f-4777-aaa5-3042cef9f5a0,13589,13264,325,True,9,1491,2023,-532
27cbcf2a-4167-43b9-952b-13377fa83ec8,15341,12982,2359,True,9,1339,1723,-384
27db6bbf-3d44-4b00-813b-f466e49610f5,13089,13028,61,True,8,1171,1980,-809
27e90768-2026-4b85-8405-c9dd475bd79c,13678,13642,36,True,1,1872,1182,690
27f9ee30-3e13-459f-8570-f926a0f803f0,12663,12802,-139,False,1,1577,1274,303
27fe134f-a494-4fe1-a134-df6e1bae6ba5,13130,12869,261,True,4,1503,1386,117
28019109-251c-4143-be65-e27e26e0c30f,12128,12299,-171,False,2,1379,1502,-123
28064a3e-6a7b-48da-9953-dafc94e9763e,11488,12024,-536,False,0,1492,1261,231
2807581c-b3db-4922-a4ad-e0c9c8853565,14671,13543,1128,True,8,1858,1529,329
28094ad7-a040-4001-b643-865a629a83bb,12280,11854,426,True,8,1366,943,423
2819e6a3-42ad-415c-98f5-b57d7ed2753c,13373,13406,-33,False,4,1485,1436,49
28264fa1-c74f-48c7-baf9-03967f97316a,13039,13102,-63,False,0,1442,1352,90
2840cb26-0224-49fc-a517-6875f4214741,13096,13317,-221,False,2,2060,1417,643
284968cb-ed2a-49dc-85ca-90c8698b0466,14019,14113,-94,False,1,1733,1370,363
284d91bf-656d-4ca2-997b-972d2cbade59,13481,14120,-639,False,2,1288,1490,-202
285e8b8c-8aeb-40db-916e-c61dbb14dc3c,12493,12016,477,True,8,1130,1093,37
286dd944-9e51-4cff-a0a3-dbc2c2fc8d41,13739,13961,-222,False,3,1530,1364,166
28730e2e-a5ef-4171-bc58-2503ce5adf01,14445,14027,418,True,3,1717,1142,575
2877ae8b-7a6b-4527-b89b-08d77407b488,12795,13894,-1099,False,0,1295,1281,14
287ce041-8067-4033-b6d7-8886d6e80504,12551,15833,-3282,False,0,1257,2587,-1330
289045bd-f8c1-4635-92da-238872cb8cfe,12782,14569,-1787,False,5,1342,1210,132
289427e6-7e4d-48b0-8313-419ad4d5c6e8,15739,12969,2770,True,6,1281,1384,-103
289e8aa9-66f5-4929-b8e1-50eb526a3348,13384,14336,-952,False,1,1417,1835,-418
28a19bf7-66ea-420e-bada-2562315522e6,12469,13259,-790,False,2,1209,1803,-594
28ab2bf1-c9e1-49c2-89b9-cf87636f145c,16059,13581,2478,True,9,1946,1475,471
28b5a86e-f62c-409f-8983-aec4ce135aeb,12350,13441,-1091,False,0,1408,1540,-132
28c52215-50ec-4bc0-9fef-b1dc6536623a,12369,13503,-1134,False,0,1532,1682,-150
28d5c2e7-543c-4ac1-bc21-da57aa5aefa6,14036,12556,1480,True,8,1201,1300,-99
28f27e3a-664b-4dde-b9d7-b78c7746a186,12512,13900,-1388,False,1,1439,1597,-158
28f2a32a-256a-4299-b78a-e2d41c0b9a1e,12175,11503,672,True,9,1363,1250,113
28f2f68c-70f7-4c71-8546-f387c3cfa682,12607,13450,-843,False,1,1313,1586,-273
28f33986-0c75-4376-b37c-c850b83c9c83,13816,12553,1263,True,6,1933,1407,526
28f45f27-b860-4403-9203-897929d14416,13448,12220,1228,True,8,1790,1092,698
290592aa-1512-49e2-a6e1-5d53373a1f7a,13806,13416,390,True,9,1361,1763,-402
291a8c27-8455-4017-bc86-04883d0674d6,11971,14122,-2151,False,1,1231,1896,-665
2924a8e9-6cb6-4d53-8466-b006159d7ff1,12605,13607,-1002,False,2,1199,1741,-542
29264543-cd86-4c6f-898d-5d61e31e58aa,13171,13015,156,True,6,1556,1353,203
29288a6c-cb2e-4ae3-bf86-faa01cf9f1f2,12004,13456,-1452,False,1,1378,1466,-88
2935b600-7fd6-44b0-b543-62ce19fbc669,13920,13789,131,True,2,1360,1149,211
293f16d0-d76a-45a7-b1f0-35d47c18f99a,12940,12095,845,True,7,1483,1264,219
2946edb1-bcb8-4313-a56b-3dd1a3aaffc4,13699,13390,309,True,3,1523,1537,-14
294af423-4ff8-4b7f-89ed-d17933d16f30,12542,14639,-2097,False,0,1629,2111,-482
294b8a3b-ecf4-4e4a-a875-ab1d841e2db1,12348,13191,-843,False,0,1685,1418,267
294fc6c6-7557-4e51-81f3-2280fac1e11b,14247,14733,-486,False,4,1779,1367,412
2954aea2-dcfb-421f-8a0f-047eca687d2e,12599,13302,-703,False,3,1379,1565,-186
2955b4ab-7dc0-4c36-888f-429a9e17f72c,11749,13472,-1723,False,1,1004,1746,-742
295c23cd-396a-4cf8-8b25-29f4ef7e3c1b,13472,15332,-1860,False,2,1085,2103,-1018
2967c9ed-87f9-4ff1-bedf-0b93e8c020cd,14196,13256,940,True,7,1232,1388,-156
296cb3e5-afc1-4aab-9f5d-1ff2340f1e4a,13808,13264,544,True,3,1473,1493,-20
298703d6-5f0d-417e-a5e7-731405c3793e,12989,13182,-193,False,4,1540,1692,-152
298ace8c-8dec-434f-bed4-bf8143aa87c7,11910,11158,752,True,7,1119,1105,14
299d2a40-5964-42f6-bb9b-8bfd3469bf5f,14666,11819,2847,True,8,2264,1286,978
29a14d0e-df8e-4159-ac5f-f08db57e3f73,14516,14385,131,True,3,1630,1773,-143
29abb495-b659-4757-abe8-7303e2c9f58b,13511,13518,-7,False,1,1639,1478,161
29aea16c-dd6a-40ef-95c4-2f476a83240a,11169,10298,871,True,10,1220,1272,-52
29b52344-e101-47ae-8f38-ac8b04e8c618,11878,12571,-693,False,2,1310,1489,-179
29c4b784-ddc6-4b83-9617-01689aee2de7,13365,12922,443,True,5,1671,1417,254
29de4c5a-903f-45a8-b91d-d4c9e2aa47fe,13917,12977,940,True,6,1526,1080,446
29e3a7a1-4f7e-417b-a51d-896f4ab7a2fa,13747,13381,366,True,5,1533,1633,-100
29f9423b-6711-4c2e-b234-e01d7aaf5aad,13047,13534,-487,False,1,1510,1610,-100
29fb295a-7ffa-4a21-8a87-02990e590c2a,11644,12977,-1333,False,1,1464,1947,-483
29fec6b6-517c-47c9-b9c3-9259060de920,13625,12409,1216,True,7,1625,1517,108
2a017105-9972-40ec-b4b6-430c34af92ae,12415,12352,63,True,6,1162,1239,-77
2a10a2ac-a872-4fef-ab37-381de959ca1b,12553,11544,1009,True,6,1288,1497,-209
2a1796fc-426c-454e-97cb-703248ccedce,13623,13689,-66,False,4,1609,2089,-480
2a187475-b99f-44a2-b6af-f9a5cbeac07d,13879,13459,420,True,5,1399,1456,-57
2a237023-bf65-49da-8679-c989a5f49a1e,13554,13425,129,True,4,2135,1559,576
2a24e678-1825-4a2b-9aa5-03fd8e957ae9,13764,13032,732,True,7,1403,1539,-136
2a256b76-d27c-4ef4-a907-7aa64af07a59,12624,12692,-68,False,8,1041,1567,-526
2a2a93ac-928e-4d8a-90c9-24a83eb758e9,12734,13118,-384,False,1,1644,1337,307
2a2e949a-1e95-40be-b46e-06485f02fb7f,13413,13624,-211,False,1,1816,1371,445
2a361d9d-ad0f-4a80-8248-f325c81cecd2,12031,11723,308,True,7,1504,1299,205
2a44a4f8-232a-498a-bd90-e18d49b7ec60,12350,12766,-416,False,1,1524,1484,40
2a45bd7c-f021-42b6-9342-449f3750f334,11424,13009,-1585,False,1,1258,1738,-480
2a4a8f62-7155-475f-b946-a5c018a740d6,11826,14535,-2709,False,1,1357,1419,-62
2a504003-dfd9-4b08-885c-5baa1378f891,14060,14302,-242,False,1,2515,1432,1083
2a53d917-7f09-480d-9d89-d5f0a91ff48b,13295,13214,81,True,6,1579,1380,199
2a57c618-306a-42df-ac24-085b52d71974,15773,12545,3228,True,7,1266,1224,42
2a60f1f5-8702-4b12-8bc2-2c58ad064608,12819,15619,-2800,False,0,1197,2340,-1143
2a6a175e-6f7e-4535-880a-6b6e52979722,13085,13013,72,True,2,1596,1471,125
2a6ae42b-c27f-44e4-966c-787fad3bfd06,12758,14402,-1644,False,2,1456,1662,-206
2a71f9e0-4d4d-4aef-8780-a738d65ce4b1,12593,11682,911,True,8,1261,1402,-141
2a7e2cb1-5ac2-4ea2-bd18-0b261e43345a,13341,12773,568,True,3,1597,1224,373
2a7ef901-fe03-4c81-929c-53630ec100c7,14424,14924,-500,False,5,1467,2110,-643
2a809ee5-4aeb-4fff-a744-9269daffbf8d,14223,13132,1091,True,8,1735,1200,535
2a832bec-c0ad-408a-a3d8-ece56d4275bd,13480,12967,513,True,5,1569,1382,187
2a84bdb1-caef-4c8f-bfe0-4d191bfe307a,13767,12607,1160,True,8,1833,1548,285
2a8fed39-b470-472b-adcb-63411315ac43,14141,12931,1210,True,8,1288,1162,126
2a922752-0aa6-4d97-b74f-ebe2360a6f8a,12068,11778,290,True,5,1623,1246,377
2aa3cb28-88a6-40b5-97cc-c0bc52ae866b,13266,13752,-486,False,2,1424,1533,-109
2aaced1f-39a3-49df-9993-f2a9890c24ce,12490,13660,-1170,False,2,1291,1939,-648
2ab9f408-cb00-45ae-9e2c-52442548a278,11050,13283,-2233,False,0,1455,1237,218
2ac20f2f-ee46-4f17-a755-a1d64a4b3c0f,13461,14878,-1417,False,1,1636,2433,-797
2ac5fc32-3bb7-455e-8af2-e7b32cc74a44,11962,11574,388,True,6,1291,1390,-99
2ad70d61-355f-4bf4-8590-0584505f729e,12441,12794,-353,False,0,1591,1657,-66
2ae47b72-e083-481f-aeda-0ee5999cc630,12414,14817,-2403,False,0,1338,1423,-85
2ae9a142-c03d-4a23-9242-8b8daa373366,14006,13135,871,True,4,1369,1844,-475
2aea0ade-b033-4a2c-9873-4a3bdb3c4f1b,13703,12295,1408,True,8,1379,1118,261
2aede88f-7c6d-4b42-927c-3c9747b658b5,12804,13037,-233,False,1,1201,1845,-644
2af0f3ff-03e0-446c-be0a-688de80e2cd7,13383,12688,695,True,8,1696,1453,243
2af6850c-e803-4f63-b640-b6bd4e4d9b73,14330,12838,1492,True,5,1673,1396,277
2af8544b-fc45-4db4-9301-4c4c6f940f1e,13620,12820,800,True,8,1397,1402,-5
2b104680-156c-444a-8401-e5b14f9e8089,14512,11960,2552,True,8,2211,1239,972
2b140ad4-f80f-451a-827e-82dcc3cd3d02,11068,11242,-174,False,1,1110,1289,-179
2b14a315-0d84-40f3-a0c4-cda3df6b8966,13781,12794,987,True,3,1561,1337,224
2b15533f-73de-4b20-b11d-025648f56146,12980,13203,-223,False,6,1214,1889,-675
2b2a507e-af7a-4cfc-b73c-d1067d40169d,13371,13023,348,True,5,1763,1371,392
2b2a75da-9eec-48c7-9f0e-d945c352aaf3,14186,13799,387,True,2,2156,1160,996
2b346ed4-0ef4-4d68-8f54-0558e64c2cb3,13531,12470,1061,True,8,1548,1336,212
2b3d48a3-4d18-4202-9507-e7af1ae4172b,12722,12856,-134,False,3,1138,1259,-121
2b3e080d-e6a1-4b95-b7e0-382b8abbf0b7,13729,13140,589,True,9,1403,1414,-11
2b3f71c9-9874-4d2f-9ccf-8d9adac1007b,12592,12132,460,True,8,1447,1575,-128
2b40ed35-5c57-4e24-b39c-871d217909b5,13462,13679,-217,False,4,1388,1454,-66
2b48c8cb-d8bd-4da8-8d96-74a732a74f4d,13711,12605,1106,True,4,1869,1179,690
2b587cd7-fe59-4e4d-8080-5b560e6ee5a1,12773,13043,-270,False,4,1553,1298,255
2b5c8c04-fdda-44c5-b38f-cc3f2b96709d,13689,13137,552,True,4,1848,1587,261
2b5fcea5-ab44-42a3-a6ba-557e395988e3,14535,14571,-36,False,1,1345,1247,98
2b683fcc-1b79-4d30-bf30-6e29a45e8a1b,12316,11361,955,True,8,1467,1422,45
2b6d7499-ce29-4bbf-b8ea-3eb6e87bc887,13073,12801,272,True,3,2039,994,1045
2b6e8fff-51ed-4c1c-b1a7-0e4614af1a5a,13052,14799,-1747,False,3,1262,2645,-1383
2b6eaecf-506c-45bd-b25c-3d57d3222a1e,13060,13372,-312,False,1,1384,1571,-187
2b8ae23b-196a-4a1c-a0ff-db0cfc95f7aa,13052,14093,-1041,False,0,1643,2300,-657
2b92fd9b-da3f-474d-ac0b-fd13e6faf8b9,13534,12096,1438,True,8,1730,1335,395
2ba84ed5-7c82-4509-8e1a-52e37b362150,12872,12166,706,True,4,1999,2195,-196
2bb8b7ad-41a8-42d7-bdf0-052d2b567d04,12458,13350,-892,False,0,1472,1327,145
2bba73db-aca1-40da-9914-7532d54ecb63,13103,11526,1577,True,7,1410,1222,188
2bc0bd46-80d6-4e17-9978-370df0641d27,13893,13782,111,True,2,1561,1671,-110
2bc621f7-8d7d-45ae-9bf1-c3bee9a6bca0,13538,13450,88,True,1,1887,1466,421
2be5ccd6-4cae-4eb0-8378-09fe9aa457f5,12562,14132,-1570,False,0,1641,1724,-83
2be7ef2a-e024-4b2b-b0c8-ad72bd4d5abe,12998,14318,-1320,False,2,1596,1479,117
2bf57132-69ee-4770-9fb1-e7a5d8a1ccfc,13285,13852,-567,False,6,1230,1986,-756
2bf89e82-49a7-4e63-ad8b-661801cbd706,14165,13114,1051,True,7,1305,1549,-244
2bfb8e00-05c6-4b14-a14c-0b378e1e03f2,14842,12343,2499,True,9,1780,1256,524
2bfcd08d-6e43-458c-a001-1c2f861368c8,11419,12924,-1505,False,1,1102,1310,-208
2c0c0830-d600-4a51-bd11-17f553e1b8e5,12918,13481,-563,False,1,1343,1629,-286
2c0cf5aa-2111-4f89-84fe-ced5071273f9,12923,12224,699,True,8,1795,1774,21
2c11f2c2-1072-4d1a-8a62-3ee72a28bbf7,12510,13241,-731,False,0,1305,1385,-80
2c152a22-e773-4d24-8278-207f4a8b9716,12800,12196,604,True,5,1514,1194,320
2c2d5185-bed7-4433-b2b7-05092183b0c9,14519,12141,2378,True,7,1369,1742,-373
2c339820-6f9c-46d6-a8e9-98a15c2b4864,13776,12920,856,True,8,1495,1145,350
2c370a84-b3a3-478c-84c4-97adc28ccfb1,13009,13174,-165,False,1,1422,1365,57
2c55569e-a5ff-48ab-830a-6828f6551be3,15280,12561,2719,True,8,1681,1666,15
2c59ca0e-0e9b-4231-9dc6-c233a91cfdbc,12550,13050,-500,False,1,1381,1106,275
2c670be2-2125-474b-a8e1-c8bf3c6d10ef,12580,11663,917,True,6,1331,1367,-36
2c6f976f-ff90-45a7-9260-e2fabd565e60,12632,13420,-788,False,2,1627,1541,86
2c759aa3-8641-4bd9-8d55-0d31099d0613,14153,12450,1703,True,8,2193,1537,656
2c77e2ea-92e5-4cbb-9de6-44b4cb6484d0,12943,13517,-574,False,1,1521,1574,-53
2c7b9043-fcc6-4aa6-a75b-5e5cc92a75f2,12013,12461,-448,False,3,1461,1476,-15
2c7c1251-1fbc-404b-a008-6935b0dbb944,13887,11537,2350,True,7,1239,1448,-209
2c7c6b4d-a84e-401e-9d8f-f41e857a8aae,12970,13405,-435,False,1,1341,1629,-288
2c93d6db-139d-4d8b-867a-ad1f7b5c19b3,13908,13207,701,True,6,1780,1823,-43
2cab9445-d0dd-4f2e-8ba6-f7e7a9b4e6ba,14517,14161,356,True,4,1752,1620,132
2cae1a9b-13f6-4cd6-b459-ea5ae9bfa8e1,11506,11749,-243,False,0,1241,1247,-6
2cb8c339-27a3-491e-bc01-d026d176b291,13072,13409,-337,False,2,1446,1232,214
2cdb6fcd-1a24-46d6-a3b5-575e030c3cc1,12429,13092,-663,False,6,1108,1942,-834
2cdbb6a3-6e22-4b42-9064-ad6d88f0f110,12479,13474,-995,False,0,1670,1136,534
2ce280e4-088b-4702-b31e-91c750a58259,13594,13230,364,True,3,1998,1531,467
2ce2feba-b4da-4a5d-8c3b-70b1676ba726,13166,13280,-114,False,1,1412,1681,-269
2ce59abe-4dbc-461f-810c-3deb95c45450,12966,13728,-762,False,1,1529,1825,-296
2ce87537-8f4c-4c9c-b4d8-434aee1ddaea,13290,13366,-76,False,3,1640,1710,-70
2cf6db70-dcc0-4cc9-9a47-4290459d2b16,13127,13316,-189,False,3,1397,1734,-337
2d08a0f1-9849-43f5-a52f-be3992a12ad8,13194,12531,663,True,8,1872,1410,462
2d09b92f-5a65-492a-a85a-a2ed7526e66b,12500,11275,1225,True,9,2206,1386,820
2d0d70b5-7b3e-497f-9647-b80878ecab15,12921,13155,-234,False,0,1565,1499,66
2d0ea3b0-f065-4eae-b245-bdf694108987,13906,12522,1384,True,8,1982,1359,623
2d2391c2-92e6-4267-89b7-abfc89ed6907,14080,13681,399,True,6,1625,1368,257
2d2e88d8-5e7c-4cf6-bf55-20e18ed8d9d6,14251,13805,446,True,6,1474,1609,-135
2d2ee37f-0de0-4c6d-93ba-3389921e8e8b,13129,12957,172,True,7,1483,1330,153
2d336265-3be6-4162-85d7-84f4fb6ee832,13596,13235,361,True,1,2018,1281,737
2d33aa7c-d950-4f34-b368-3fb6be93c226,13178,13321,-143,False,1,1676,1604,72
2d4666a7-df29-4d59-8348-7a7590524d7c,11681,11976,-295,False,1,1334,1054,280
2d577450-b7c9-4fbc-a9e2-b513b8d11c7e,12699,13744,-1045,False,0,1625,1621,4
2d5ba4a1-fadb-4e86-9be1-7a1d3d63627e,12556,13487,-931,False,0,1419,1442,-23
2d5c7a37-10ad-4168-935d-bf148b15dbd1,13574,13141,433,True,4,1367,1611,-244
2d6d9627-4549-42c7-a0cd-c65f5996c9f4,14616,12281,2335,True,6,1892,1542,350
2d6eb8a5-bb79-4532-aa4d-6c1b1374a21d,13016,14886,-1870,False,1,1673,1250,423
2d733e7e-7e98-461a-af0a-50d830f9e2f9,12643,14171,-1528,False,0,1255,2383,-1128
2d7869e7-88c2-4102-9653-1b7d81fddf3a,13354,14969,-1615,False,3,1483,2794,-1311
2d844b7c-4c8c-421c-9076-1d1a6164baa8,11534,11605,-71,False,1,1316,1363,-47
2d863abb-42b9-49ab-a38e-ff8a0822f739,11386,11331,55,True,6,985,1094,-109
2d8f372a-70ec-484a-bf59-e4b3ea06ad29,13653,13575,78,True,8,1273,1656,-383
2d931392-eb45-4599-b899-1b8444fc96c8,12810,13132,-322,False,0,1529,1519,10
2d9ea686-961d-4e79-a98a-08664c9ffd9a,14062,13764,298,True,5,1473,1378,95
2db9236d-eea6-4f73-9366-445f1451a976,13344,14684,-1340,False,0,1122,1982,-860
2dbdb7d0-fc65-45f7-8f3b-73e75bc86a26,11751,11431,320,True,7,1159,1685,-526
2dc672a3-330f-4baf-99ff-49c8a7433f54,12861,13946,-1085,False,0,1460,1583,-123
2dc8fd79-5f9a-4b26-a47e-eed66ef0f120,12890,11727,1163,True,6,1481,1145,336
2dcac66b-11a7-4c11-9fd1-0448610bcf6d,12883,12786,97,True,6,1315,1744,-429
2dcc1d7c-30a5-4d0a-8e5a-f0e90dcb1711,12057,12625,-568,False,1,1626,1337,289
2dd2604f-692e-4178-884c-5c23b61a4a03,13058,12115,943,True,7,1446,1127,319
2dd62bfe-85cd-4dc5-ac1b-b6b5335e4460,13406,14361,-955,False,1,1243,1811,-568
2dd8fd98-b433-431b-a4b3-7024285d3f42,11404,11904,-500,False,0,1317,1363,-46
2dda43d9-aa48-41ae-937e-2abebbbae9df,14086,12951,1135,True,5,1606,1346,260
2de61ec7-aaae-480d-beb4-4b4e17fcf398,13581,14732,-1151,False,2,1572,1176,396
2dec7117-d4d2-4f0a-81ff-2893ef42f970,13734,13468,266,True,5,1425,1623,-198
2df070fa-9642-4ad9-b079-cf4d0efe0f23,12756,13382,-626,False,1,1400,1586,-186
2e0a85c6-2048-425f-a81c-eb2bdd8ca182,13229,12637,592,True,8,1733,1409,324
2e140f7a-376f-4429-9703-2f6970e8c1af,13903,10881,3022,True,7,1539,1006,533
2e17ebf6-b0ec-4162-bf26-63023223b79e,13362,12660,702,True,8,1440,1718,-278
2e1d9c1a-9a59-4a51-a0a1-4afdf18eb236,13556,13865,-309,False,2,1640,1536,104
2e1ed2e9-b9ef-4b81-92b3-802c00239b99,12821,14619,-1798,False,0,1425,1677,-252
2e1fbb49-6b77-482b-82bf-a55a737ff80c,12959,14582,-1623,False,7,991,2979,-1988
2e2bf72c-6715-48c7-9027-49d1ba0666bb,12797,13596,-799,False,0,1488,1626,-138
2e33c3b3-c1d6-4679-8f67-dea085c0f55f,11869,12752,-883,False,1,1148,1479,-331
2e382201-1a78-48e6-94f0-18f35ae60e86,13341,13257,84,True,7,1189,1221,-32
2e3f0d18-2234-404b-876b-ee28092aded2,11536,12207,-671,False,2,1220,1247,-27
2e436f26-d669-49a9-93fe-12982424e03b,14326,13020,1306,True,9,1563,1499,64
2e5fb0f7-9414-4263-8da3-3605ed91a238,13147,14475,-1328,False,2,1204,1489,-285
2e7b4665-67e2-458c-9397-209f031b45ab,12582,13525,-943,False,0,1397,1414,-17
2e929b25-7d87-41d5-ae8b-a8853048f125,12462,12143,319,True,6,1487,1371,116
2e9567b7-3bc4-4ac5-99d7-69b10731efec,13499,12834,665,True,8,1433,1597,-164
2eba32be-92f5-4d83-87f7-5549a5b16d45,13724,14317,-593,False,4,1139,1647,-508
2ebe580f-d68f-4f62-a3ee-d75d0089f1ae,12774,12353,421,True,6,1328,1438,-110
2ec61ccc-9b37-42b7-92aa-339ea23f2764,14410,14662,-252,False,1,1491,1930,-439
2ece31c6-0d8a-475a-a748-9a9779fc75bc,13000,11902,1098,True,7,1570,1276,294
2ed4c2cf-8fc0-4837-be3f-6414f862812e,11591,13909,-2318,False,2,1378,2333,-955
2efb1eec-872a-427f-9058-b92482e24323,13437,14359,-922,False,0,1832,1585,247
2efc36ce-33e0-4852-9929-f9a035f074c7,13656,14362,-706,False,1,1181,1476,-295
2f08c2eb-bda1-404f-b95b-511a463eaf5b,13353,13198,155,True,6,1501,1603,-102
2f095963-475d-4fc7-bf50-d5acddddc5cf,14040,13621,419,True,4,1714,1424,290
2f0c4a93-bc32-4c48-8a6b-50fa0f8dde41,12946,12752,194,True,3,1639,1589,50
2f12e821-6bad-4692-8276-161731ca590d,12828,12809,19,True,3,1468,1521,-53
2f153dc2-3288-4c7f-8b2c-9de5c69a2de4,12697,12876,-179,False,1,1246,1356,-110
2f190de9-25c7-4ebd-ac60-7a381ab5e7ce,14600,13526,1074,True,2,2781,1581,1200
2f1cd9ca-e0d9-4122-8622-1b437ef2274d,13962,12721,1241,True,8,1558,1833,-275
2f21b261-3fb4-433c-bb38-d0d1de4a5a02,11471,12327,-856,False,2,902,1541,-639
2f32a3ce-1769-45a3-83e9-f2acfec272d7,14124,13535,589,True,5,1944,1547,397
2f4083d3-544c-4d24-bcf4-66310dab6014,14395,14371,24,True,5,1537,1359,178
2f456fab-10f7-4c47-a15f-edc3e1fb3ba9,14241,13814,427,True,8,1380,1439,-59
2f540d7e-7b05-4ce8-8e1b-baa3782f666c,12879,12682,197,True,5,1660,1300,360
2f5b53fa-60e6-408e-a399-6928114334cc,12828,13391,-563,False,1,1421,1757,-336
2f5d47f6-6c5d-4e48-b549-b92f442e2d02,13068,13789,-721,False,4,1605,1528,77
2f77d16d-571f-4e63-ac5f-a47d81ef0b3b,14189,13891,298,True,5,1671,1555,116
2f7b8398-3bf6-4b13-b5bb-eac27c8cec64,14004,12134,1870,True,8,1522,1351,171
2f7d7bcf-63b5-4cde-af9a-4162f90f6446,13091,12575,516,True,3,2372,1306,1066
2f88fc67-e745-4d44-a94f-de27749d0ab7,13973,13669,304,True,4,1781,1520,261
2f93e635-bb99-44da-9df4-3ddb338343c5,11560,12889,-1329,False,3,1343,1563,-220
2f94d394-6c18-488f-be92-ba7f9d12783a,12497,12998,-501,False,5,1404,1439,-35
2fa4f0a1-26bf-4208-b717-baaa6b4dbffe,12319,12521,-202,False,7,1518,1809,-291
2fb1dd89-c91b-4084-b577-9548167c8e7b,13393,13630,-237,False,2,1333,1672,-339
2fba92fc-7cff-4e72-a483-5466734ad0a4,13700,13127,573,True,8,1570,1408,162
2fbee53e-625e-4483-a3de-28ec82ade7be,11653,12317,-664,False,3,1303,1267,36
2fcd8442-894d-4b05-8c81-a3551bb0436d,12874,12391,483,True,6,1288,1096,192
2fd1371b-bd3d-488f-bb54-3c5f1a810aba,13030,13659,-629,False,1,1206,1644,-438
2fd3e35a-51a4-4689-9481-afedde85eaa0,13849,13130,719,True,5,976,1157,-181
2fd74c69-bc6e-4605-8e53-378ff2c7867b,12795,13438,-643,False,3,1620,1780,-160
2fd75fa1-470b-44f4-8fa8-0c1bb80c31b4,12543,12651,-108,False,2,1324,1483,-159
2ff17032-a92d-4923-b6b6-8276ca65b455,14958,12854,2104,True,2,1995,949,1046
2ffd1d65-4d18-49e8-bf82-92845db65a31,11614,12180,-566,False,1,1377,1476,-99
3016a0dc-7898-43ca-9410-3c81433d5e22,14170,12376,1794,True,4,2342,1174,1168
301d5046-0ed6-499c-88b4-bc77a31cf0fa,12581,14641,-2060,False,4,1748,1283,465
30262ed0-6359-43f4-8a3d-9640b7d05312,12595,13789,-1194,False,2,1488,1746,-258
3026ebc7-7575-4601-b197-98a20326d504,13181,13167,14,True,7,1412,1857,-445
302a5c04-a4fc-4e7f-ad44-f427988994d1,12499,13137,-638,False,2,1370,1437,-67
302aeab9-a6cb-487e-b4de-636fdc7d62f0,13990,13251,739,True,6,1350,1460,-110
30321f83-e047-4122-a5d5-107332a1c885,15782,13643,2139,True,9,2110,1415,695
303fb954-1652-4016-9ffd-2c47e0ea2a40,13059,13482,-423,False,0,1445,1347,98
3047d3db-7f34-4714-a9f4-46111e20f060,12482,12195,287,True,2,1523,1510,13
304badb2-da04-4990-a06d-9b65b1fe673a,14365,13054,1311,True,6,1994,1886,108
30544ae5-d56e-4aac-992b-f9c5d6f547ff,13613,11225,2388,True,8,1387,1232,155
305ad627-a9fd-4d67-b776-0770b6642111,13212,13512,-300,False,3,1380,1396,-16
306d3e0c-e218-4f2f-b3c8-4b7a9b11d151,11056,11631,-575,False,2,1269,1621,-352
30701f0c-98b4-490c-b0ac-ffb755073336,15593,13830,1763,True,8,1785,1434,351
30823502-c291-43dc-9df0-be1dd189919d,12106,14021,-1915,False,2,2027,2186,-159
30851c3d-dee4-4cae-8638-0483b4c4fa1b,13340,13774,-434,False,2,1626,1710,-84
30960b0d-22f6-4f10-a387-8d88e977741a,13014,13514,-500,False,1,1481,1470,11
309ae3f7-3bb7-4500-8c9a-2787e162a9ce,14978,13856,1122,True,5,1936,1314,622
30af4ebe-1ce8-4c31-9dad-5647017bdc36,13763,13406,357,True,5,1214,1326,-112
30b5ecd0-ff06-4855-a745-38b54e012947,12930,11889,1041,True,7,1796,1382,414
30b9639f-ba54-49e1-b993-cd5c7b0af4a0,13525,13102,423,True,8,1539,1403,136
30ba9549-e74f-4e67-8e8f-036e8bb892a3,13993,13402,591,True,7,1391,1855,-464
30be6746-3a8a-46b7-b419-d03e15f7026b,13250,13781,-531,False,1,1573,1866,-293
30bed20c-03b3-480c-9e1e-cd612c118224,12984,13368,-384,False,0,1332,1553,-221
30c515bb-60fe-4b8e-9b5d-1c8aeafa6599,14369,13300,1069,True,8,1439,1822,-383
30c5b6c9-2775-438e-8560-b468058bcb01,13420,12988,432,True,7,1621,1475,146
30ce2069-911e-46d1-9f8d-8fc1dd7d4502,13264,13575,-311,False,0,1765,1361,404
30d19982-0691-4e94-8013-f0dc05be5844,12765,14029,-1264,False,1,1243,1218,25
30e87b38-9316-43f6-9dde-42db0ae90f4c,13696,12818,878,True,6,1791,1356,435
30f02a9e-0873-4a10-8ce5-f909e8feec9b,13327,12526,801,True,8,1299,1414,-115
30fda162-98cd-4d5e-a799-8f4ecb99bac8,12624,13883,-1259,False,1,1412,1504,-92
3103b970-71eb-4989-9e14-d3aa8ecec254,12307,12141,166,True,7,1177,1251,-74
310fd098-244c-4327-ac2b-dbae858fc583,15156,11834,3322,True,7,2475,1368,1107
3111e6c4-fd90-481c-8311-5456a73033b2,12962,13559,-597,False,0,1489,1741,-252
3113345d-4218-4e89-a3f8-c7cae18d35d8,15089,12896,2193,True,6,1523,1534,-11
311605a9-d47a-4b86-90b5-3de1ffc773c8,13137,14352,-1215,False,1,1994,1194,800
311d91e9-aba9-4940-b312-31ea955f95e9,13539,12360,1179,True,7,1488,1376,112
3127e05a-a2a8-44f0-8a7d-1698498e1db4,11912,14353,-2441,False,0,1365,1867,-502
3128a791-e562-4e08-b519-8e7c4d5968e7,13925,12897,1028,True,8,1357,1154,203
3132b358-64d1-4d18-9d4c-74b400f63ada,13379,12378,1001,True,8,1793,1356,437
313531b6-20df-4928-aaa1-b24459a35a60,12977,12683,294,True,9,1370,1410,-40
313774b7-294f-4c92-b132-1936f0855acb,13570,12344,1226,True,3,1152,1798,-646
3139d59e-4988-4a83-8802-f75b0adf3dd7,12397,14142,-1745,False,1,866,1772,-906
313af68a-6c5e-4833-8331-4f64bd5589d1,12318,12515,-197,False,4,1510,1733,-223
313bd4fe-ecdb-46d9-8ec3-7d025ac76a90,12870,12991,-121,False,3,1586,1322,264
313e5c9d-c928-47fa-bf50-81b46d50e3af,11984,11760,224,True,9,1278,1272,6
315d4655-c613-44f8-93ed-e7481308da25,12467,12188,279,True,7,1359,1327,32
316792cf-2061-44be-9ba9-be1aa0419811,13495,12335,1160,True,8,1543,1188,355
316cb8c2-483c-438a-b367-2a3e7f022536,12447,12730,-283,False,6,1213,1878,-665
3172c563-320e-48c8-9a35-47cd3e4e1390,13478,12602,876,True,3,1622,1362,260
31735e02-7180-4275-8d23-ad667f243f3a,12958,14137,-1179,False,1,1192,2191,-999
31743c3c-0c60-4a3c-8b96-a7b369b96817,14808,11104,3704,True,7,1814,1096,718
317ab22a-9658-4641-bcbe-3f3475b237d3,12496,12260,236,True,7,1242,1327,-85
317f00c1-1cd5-4196-8c66-e07060d15989,13791,14791,-1000,False,1,2232,2632,-400
31811615-28c3-40d0-a6bb-26cdf904a0f2,12985,12676,309,True,8,1736,1645,91
3183e9ce-4701-4ffa-a854-953e29d0bf65,13733,13883,-150,False,2,1646,2043,-397
318c8cb4-05cf-4c02-9aea-a9bd9d19ac57,13245,12483,762,True,8,1793,1377,416
3192bdfd-325d-4069-9e79-62decfa6207f,13254,12889,365,True,7,1394,1700,-306
31946721-b925-4edb-92d7-8af77ab6a6b5,12994,13318,-324,False,2,1545,1412,133
3199a803-32e7-4c66-b052-f274803cc4e6,12817,14371,-1554,False,0,1533,1300,233
319d1720-a370-4f40-974c-998be2df5163,13150,12234,916,True,9,1488,1136,352
31a391a3-da1f-4eca-a65b-5e8cde230d21,13072,15563,-2491,False,4,1006,2778,-1772
31a80b32-0edf-460a-b578-de7529b8006f,12738,12891,-153,False,2,1300,1472,-172
31abfb4a-93cc-4250-a917-bcc628bf5f03,13414,13027,387,True,8,1331,1420,-89
31b7439b-8918-4e36-a7ae-f337bcdfc3bd,13632,13201,431,True,8,1567,1560,7
31bc3ebc-47a7-455a-b005-8e8519a01096,12601,13856,-1255,False,3,1240,1590,-350
31c07f1c-3977-4cb5-9bee-fbbd55b204f7,12558,14475,-1917,False,1,1420,1475,-55
31c6a4c9-f5d6-46a2-82e4-f847e56a5d9e,11370,13328,-1958,False,0,1227,1462,-235
31cbe40d-1ce9-4da6-a6dd-52d182f245d8,13870,14157,-287,False,6,1534,1906,-372
31cc06dc-0e0f-4e6b-8d6b-2fc58ab2ea11,12844,12978,-134,False,6,1375,1540,-165
31cf4ee0-54b9-45f2-8d8c-0f0c89e8fb83,13781,12718,1063,True,8,1874,1221,653
31d73730-8efe-402d-8547-021bec96b85a,13669,12812,857,True,3,1643,1379,264
31e151a5-08dd-4393-b842-36f92a841aa6,13998,12226,1772,True,7,1841,1161,680
31ebc50b-3341-416d-a930-807ba8b3fb3c,13252,13327,-75,False,4,1256,1646,-390
31f40012-6d87-4055-b4dc-d735719ac353,12749,14041,-1292,False,1,1551,2053,-502
31f643cf-0136-4058-8d1f-45198b44fdc2,12694,11845,849,True,8,1200,1376,-176
3202bd99-49ef-4cbc-bbca-5bef8286c14d,12715,13341,-626,False,2,1356,1476,-120
3217d62b-3507-4ff4-86ba-0e9b12fb5e90,12545,14270,-1725,False,3,1370,1782,-412
321fee20-ce5a-42d1-a342-db4153329fb4,13629,12648,981,True,8,1537,1550,-13
322035c5-03ee-4dbd-b862-a432c3840e13,12231,14099,-1868,False,1,1009,1720,-711
322717c3-06e5-434d-bf92-47f96e54c774,12882,14658,-1776,False,2,1593,1114,479
32339aa3-ff80-4773-bd5f-686c5b49e12d,13403,11932,1471,True,4,1799,1824,-25
323faff9-853e-4eb4-a231-0e50d3c82e6f,14017,13781,236,True,5,1461,2051,-590
324023f1-c6f0-4c40-be3f-e3cf228c5671,13904,12711,1193,True,8,1502,1356,146
324a314a-4f40-4e2b-b38b-8be69ddb2323,13217,13275,-58,False,1,1667,1577,90
327d6f7a-98c6-4c28-8727-5af2ac62968d,13035,11525,1510,True,7,1367,1501,-134
327ef453-8beb-4450-97c8-cc7e0d3424e1,13497,13010,487,True,8,1870,1417,453
3290e077-640b-4b2f-93de-9c41e50181d8,13394,13419,-25,False,4,1664,1767,-103
3298d68f-c18a-47c3-bc2b-8bd1cfe43f7c,14302,14612,-310,False,0,2291,1374,917
32a396ff-db67-489a-8963-e2ed944cd5a2,13169,12583,586,True,7,1410,1947,-537
32a6179e-e2a0-4027-bf84-b181bfc15ead,13401,13875,-474,False,0,2058,1714,344
32afde54-9f38-4fcc-b216-49c37e21fefa,10716,13480,-2764,False,1,1094,1283,-189
32b2ada4-a0d0-4d5b-bc0f-b7607473a101,11600,11789,-189,False,2,1459,1428,31
32c49c50-d0aa-4460-8f60-50d00e5a890e,13553,12762,791,True,8,1739,1436,303
32cc9d75-c41f-43b3-a01f-39bc82eb73b8,13198,12720,478,True,7,1558,1270,288
32cd2dc6-a735-4318-b4cc-d82ab88e6995,14280,13138,1142,True,7,1474,1474,0
32d848a6-5574-4883-9d4e-b7b984a98c36,13051,12955,96,True,7,1577,1521,56
32dbba1c-fc55-49ee-8d60-be3b5581fef3,13562,13759,-197,False,5,1552,1512,40
32e517fe-bb76-4c98-9a35-ead69ae28daa,13627,13426,201,True,7,1485,1577,-92
32f6e01f-cb85-4625-8ec9-2cd55092d63d,12938,13194,-256,False,1,1463,1199,264
3324c691-0e96-479e-96f3-685fa6477d88,13496,12641,855,True,6,2228,1556,672
334b3e66-b74d-4dd3-b02c-7f9dd97d313f,12333,16514,-4181,False,0,1157,2317,-1160
33518416-6f4b-439f-8e92-ce771f8ea21e,13125,13553,-428,False,3,1223,1706,-483
33535a2d-1e3c-4c30-8b4f-884f39c5f346,12120,12887,-767,False,2,1183,1025,158
337e54c2-42ab-4a9e-9ed6-e9c8e0ceac28,12861,13155,-294,False,1,1610,1583,27
337e9caa-4c5a-4e10-a4ed-7e7024d41ccc,14389,13954,435,True,8,1594,1673,-79
3380b298-956e-4bc8-8c12-32e48f5e39d6,12556,12850,-294,False,0,1359,1460,-101
33844eb1-745b-482f-9f03-fee6e2e2bd86,12769,12911,-142,False,5,1294,1386,-92
33876ed0-41be-4a92-91d8-d465ef3a1ea4,13703,14534,-831,False,0,1405,1567,-162
3398cdd9-4579-41ca-add4-234050654cea,12774,13411,-637,False,3,1415,1998,-583
339ce782-bd3d-4dd2-be7d-c19fcb95b35e,14679,14239,440,True,6,1681,1418,263
33a000d0-10bc-4a04-aa35-6e3a2f5ecb45,12675,13063,-388,False,0,1409,1529,-120
33ab4ce3-0985-40cc-8773-029b7f834e53,13359,12784,575,True,6,1526,1303,223
33b893aa-d99b-4108-bb9f-b3283b59feb6,12768,12135,633,True,8,1104,1469,-365
33bb388a-5d6e-4e4a-97d5-7515f27cad7d,13004,13779,-775,False,1,1252,1351,-99
33be893f-94ac-4338-b16b-595b2aad8702,13743,12706,1037,True,8,1568,1889,-321
33c0ebc9-3289-4149-9595-0b2a6d7c3711,12664,12512,152,True,7,1512,1635,-123
33c23441-f60b-4065-9f0e-6238ff2c06ec,11626,13166,-1540,False,5,1057,1412,-355
33d4e619-d1c6-43b2-8dca-cce025b27a08,13496,13122,374,True,9,1493,1395,98
33db8e21-c676-495e-9447-c81d8c7d5107,14062,13584,478,True,6,1559,1404,155
33dfcb81-e5b7-4c52-9094-7df38a473498,12090,12230,-140,False,1,1423,1273,150
33e02ade-1bdb-4181-a475-cca77528ea20,13898,12755,1143,True,3,2501,1287,1214
33e3c139-6d89-4131-b015-1489d2b72387,13413,11707,1706,True,7,2284,1478,806
33e52e72-fbf1-4f0f-bd98-ae72733c679a,12761,13187,-426,False,0,1720,1396,324
33f8c998-27ff-4714-ab04-ea43836b6f81,14324,12683,1641,True,8,1782,1842,-60
34040192-4498-43dc-a1ea-b4f414bc067b,13608,13729,-121,False,1,2006,1082,924
340def5d-724f-471b-9b43-3eacf65185f3,12351,13243,-892,False,1,1279,1401,-122
34112893-8e77-46d5-9824-1bb55b5219d5,15041,12762,2279,True,7,2294,1493,801
3414d09d-c853-42c0-9794-f46601ff86de,13299,12916,383,True,7,1388,1527,-139
3419d275-af7e-4f2b-a2a8-e684b1444d80,12097,14344,-2247,False,2,1359,1541,-182
342277bc-0a18-47a0-9886-490b8ce61d90,11808,12250,-442,False,3,1323,1101,222
3422e7fc-1d74-442e-9ea6-ee95d9b0528d,12641,11154,1487,True,4,1367,1400,-33
342d4c2f-2164-4632-96cb-98ec62498d3a,12411,13716,-1305,False,1,1575,1800,-225
3431bc83-596b-4d6a-9b3a-a84ccd682598,12768,13657,-889,False,2,1393,1539,-146
3433f1da-c462-47ee-ac79-3a7d7ba88cfd,11779,11229,550,True,8,1082,1174,-92
3452bba9-9813-4958-bc60-a65a92e1db4f,13471,13768,-297,False,1,1900,1602,298
3461ce29-b92c-41e4-8b6f-5f5c2138e0b8,13227,13210,17,True,4,1938,1413,525
34657ce4-b56f-471d-a755-692dd9e1e3b0,13237,13321,-84,False,5,1349,1445,-96
346bd769-5147-48f3-82cb-ec2429fd3234,14474,12633,1841,True,6,1759,1512,247
34832219-9997-46a7-b2e2-ab1058ad774f,13258,12687,571,True,7,1633,1181,452
34865313-1176-4c15-8802-dea3aed185e1,14679,13425,1254,True,8,1637,2225,-588
34878328-fae2-435d-b485-dc8b3cf3869a,13447,12803,644,True,6,1746,1308,438
34898330-7fc7-4a29-b34c-30356cb80ee9,14683,13349,1334,True,4,1402,1483,-81
34970d1b-c1f7-4054-8bc6-b0e7cb47fe64,12951,13260,-309,False,4,1485,1505,-20
349c11ea-a618-4c5d-9d4d-cc5446c86ac4,12634,12154,480,True,7,1460,1162,298
34c1ac5e-258e-4215-972a-8bf04c8d80ae,13727,14216,-489,False,3,1725,1937,-212
34c709a7-7261-4fac-ac91-11320fdedf15,12960,13258,-298,False,3,1385,1416,-31
34cea19f-c5da-4c95-a7be-403f779e0c06,12614,12669,-55,False,5,1287,1081,206
34d05c21-41d0-49d9-8de7-863fb4242092,14634,12555,2079,True,8,2245,1016,1229
34d0da17-f289-4cf8-99a3-e8f44d49ce49,12630,12998,-368,False,4,1417,1753,-336
34d8f818-2076-4c49-81fc-b01fc074cf86,12119,13377,-1258,False,0,1150,1370,-220
34da6e9b-f775-4ad3-9be7-fa60dd35d615,13052,13173,-121,False,1,1500,1462,38
34dfc129-6f6f-40db-a71c-a0d0ee66b7ef,14191,12173,2018,True,7,1412,1649,-237
34f1fa1e-b1a0-4274-ad2d-decaa31e74e4,13566,12639,927,True,6,1606,1515,91
34fddf55-9845-45b1-a6b2-c1be4c02910e,11859,12379,-520,False,7,1217,1866,-649
34fe0657-0a5d-4d38-9980-021727944321,13428,12911,517,True,9,1624,1656,-32
3502c4b2-1e79-40aa-9583-1299411bda69,13450,13945,-495,False,5,1472,1747,-275
351e1969-77a2-4a72-9574-89b2e10eea92,12694,13386,-692,False,3,1165,1555,-390
3522e143-b576-49ae-8f36-eff63bb78834,13390,13401,-11,False,3,1443,1312,131
3523503e-409b-4967-a556-f2af26e37f2a,14606,12931,1675,True,6,2012,1638,374
352b3c5f-1d44-44ca-8e09-8ea7c8c278a5,13393,11581,1812,True,8,1394,1560,-166
352cdceb-5a33-4729-809b-3ee184e39717,13278,13008,270,True,8,1299,1251,48
35326411-1bbe-4e4c-a836-85e3fad9a65a,13612,12780,832,True,7,1422,1278,144
3532a783-1b8f-4953-aa53-88806626e0f5,14924,12841,2083,True,8,3109,1498,1611
35345e34-57de-482e-9a8c-156e6784db5d,13263,12780,483,True,8,1159,1570,-411
353b22ab-5d17-408a-9d2f-b41b82cd13b6,15191,15120,71,True,2,1775,1485,290
35444c77-2727-4ca2-89f5-dd1a3d2b5938,12727,14403,-1676,False,0,1243,2633,-1390
35503807-f134-44ef-892f-bcf9c19fbfe7,14606,12758,1848,True,7,1710,1352,358
355d5c1b-988a-432d-be0b-1fc86f278961,12953,13909,-956,False,2,1704,1412,292
356c5692-5bd2-44ef-9f8a-fafca63e811e,12868,13138,-270,False,4,1477,1417,60
3574c93d-e2a8-435a-99cd-c2d69f4bdbfe,12776,13725,-949,False,1,1241,1671,-430
35751f5f-aee1-4bf3-a60f-4a60dab87159,13422,12863,559,True,8,968,1631,-663
357739d0-f5e7-47f3-a92f-57f8c777b459,13420,12987,433,True,5,1540,1349,191
3584385c-4f33-4317-b1ab-2e2b4ec79cb1,13333,13116,217,True,6,1475,1366,109
35a0207e-3d10-4dcd-956a-6b6bb90665cf,12851,17104,-4253,False,3,1675,1502,173
35a9628a-5c57-438f-9a43-8a9ecc96eb82,12789,13469,-680,False,2,1536,1560,-24
35b14821-4f51-4708-879d-4f0faaa46092,13400,12918,482,True,8,1556,1581,-25
35b1cc3a-6bba-490b-bdee-8c43c521f546,13426,13781,-355,False,1,1471,2017,-546
35b632ee-3f4e-421e-b2ec-3fcf2d27d0f9,12793,12634,159,True,2,1697,1308,389
35b8a212-d1cf-41ae-9272-b4efd647cf3d,13801,14776,-975,False,0,1460,1645,-185
35b98e8c-eb46-41b1-9b6b-3edec3cd5a32,11852,13354,-1502,False,0,1302,1449,-147
35b99147-3f6d-4fc8-b42c-796eddba80f9,14685,12738,1947,True,4,1405,1432,-27
35bce148-9832-4727-bec4-d99ea852aee6,14242,13202,1040,True,8,1665,1330,335
35df27e1-b859-4a62-9c11-155643298cc4,12383,12139,244,True,6,1462,1339,123
35e94d08-d82d-455a-a575-81cd6b8b8a3b,13497,12264,1233,True,8,1760,1236,524
35f983a4-2aef-4acf-b00f-33765c856a43,13958,13201,757,True,7,2298,1719,579
35fa0160-29dc-4a1c-9f6c-423aaf239dd1,16106,13120,2986,True,6,2537,1183,1354
360152f8-a0c1-4c6f-9dcc-07b44c6f0fc4,14979,15062,-83,False,2,1561,1540,21
360d536b-0fb9-49d4-ba8f-85957c6d3e9a,12780,13474,-694,False,2,1493,1565,-72
36179e28-84cc-4384-b6e5-274fa45c8ad5,12348,12393,-45,False,5,1384,1590,-206
361930a0-1b76-467b-ba7b-e50407f079cb,12481,12504,-23,False,6,1182,1580,-398
362b2baf-957e-442c-861a-13f6f96b4f7f,12498,12218,280,True,1,1946,1431,515
362b74b6-38ad-43fe-8dfc-18aa95551800,14244,13169,1075,True,6,2341,1279,1062
363dd792-4593-4ade-ae92-be0e57ccdd38,13329,12930,399,True,4,1451,944,507
36489fae-e11e-4497-9cdd-69de185e1d1a,12865,12877,-12,False,5,1603,1393,210
364e5c4a-afae-409d-b900-c343fc09c5c7,14831,15232,-401,False,2,2310,2924,-614
365115c6-e9d3-4414-99c8-5eed847d1959,13102,11433,1669,True,7,1297,1385,-88
365422f2-cd49-4b8d-a8ff-fe74d0a18588,11765,12488,-723,False,1,1287,1305,-18
365cc41d-dc13-45fd-bf28-55e7bcef5031,10934,12259,-1325,False,3,1215,1173,42
36645ad4-d8f6-4892-ac83-f042d5ccf84c,13873,13557,316,True,4,1863,1556,307
366e2a42-eed0-4406-841d-e35d78798e63,13280,13271,9,True,6,1537,1667,-130
3679f648-8cf1-490b-8a38-c864ddce2b41,13988,12746,1242,True,8,1896,1469,427
36863aee-b5a9-4d1c-9a46-664e14e74b23,13212,13702,-490,False,3,1577,1359,218
368f2d1a-66a4-4c71-a9c4-cc4e5ee3a9ae,12860,12853,7,True,7,1250,1652,-402
36970a5e-304f-4618-a6ed-8d024223d8c9,13948,13172,776,True,6,1705,1423,282
369ff2a9-518e-4710-a810-05e158257dfa,14204,11860,2344,True,7,1410,1195,215
36a3b372-288a-4849-87bc-eb4c5d25abcf,13037,13005,32,True,6,1340,1331,9
36a8f974-7630-4f7e-bc98-3becc40a507f,13977,13644,333,True,5,1459,1301,158
36ae936c-e159-49b1-96c6-3b8b877269d8,13097,13227,-130,False,0,1585,1555,30
36b4d181-b649-4ad5-87f4-544c5d1fb5c1,13220,13812,-592,False,5,1217,1318,-101
36b8c5cf-af24-472d-8892-3e979404b015,13575,13963,-388,False,0,2007,1240,767
36bc6010-467c-4238-98bf-eea1b6ff445d,14411,13547,864,True,6,1794,1133,661
36bc77a2-d777-43a8-a9d2-787912d5824d,14440,13643,797,True,4,2092,1203,889
36bea89b-108f-4b41-b93b-d2d3def77607,13624,12410,1214,True,7,1275,1551,-276
36d1baf1-c7e4-4f88-af3b-ae08f426e312,11601,12016,-415,False,7,943,1444,-501
36e2f159-60b5-46da-b7a8-e3f0f5a5be42,12200,13683,-1483,False,0,844,1752,-908
36fa8de0-dd63-4fc3-9345-2ed6ca51f2d3,13021,13492,-471,False,5,1172,2102,-930
370500ea-f151-47eb-990f-f6d926fe8a03,13285,13350,-65,False,3,1599,1505,94
37253b53-77bc-4706-888f-a9089626a334,12340,13860,-1520,False,2,1459,2143,-684
37255780-632c-478b-ba27-2c1c3360391a,12646,13508,-862,False,0,1600,1483,117
37295f50-9e20-4baf-bf88-aae455a4118d,13757,12552,1205,True,8,2281,1723,558
372ec2dc-fc29-4dbf-861c-21de78a4171c,14184,12658,1526,True,8,1977,1133,844
373145a4-f83c-4f63-a736-e8dcbf3e765c,11621,12172,-551,False,2,1281,1119,162
37561cdd-300b-4d37-8ca2-4c700a86a8ef,12913,13354,-441,False,2,1373,1592,-219
375b073f-e9cd-42ac-86eb-2729ff13a22a,12981,13137,-156,False,3,1398,1472,-74
375bdb58-aef4-4056-9471-aac5753f0211,12927,13306,-379,False,4,1406,1604,-198
375cdaca-4add-47c1-a70e-81895099f931,13854,13359,495,True,7,1174,1698,-524
376060d7-678c-4ef4-8426-8a0976ad9394,13876,12882,994,True,7,1527,1693,-166
3769eb05-67e4-49b4-abfc-1653bc3670a0,12834,13610,-776,False,3,1485,1126,359
378d84a2-2642-4fb2-90b3-132e37e64793,13410,12522,888,True,8,1793,1458,335
379d95c4-1163-4a40-adbd-333b00a06e13,12838,13268,-430,False,5,1183,2216,-1033
37a1dfa2-8831-4148-afb4-ab031082a2b8,12811,13521,-710,False,4,1194,1838,-644
37a4e113-a332-4006-81bc-35180f134504,13127,12665,462,True,7,1582,1374,208
37a50a52-4a2a-4840-9d5a-40f690f346f2,13550,12818,732,True,8,1480,1394,86
37bb6bda-3b5a-4708-9314-a3c5c8b231fb,13574,13091,483,True,8,1649,1581,68
37bf75eb-a5da-4f39-be88-f99467ce95f6,13391,11353,2038,True,7,1934,1097,837
37c09fcd-8e87-4fc9-94be-9bcbd02ae8e7,13316,11831,1485,True,6,1708,1332,376
37c1662b-11ac-40e6-b99c-dd1ada5e7f69,15948,12552,3396,True,8,1903,1946,-43
37c6ffbd-1312-41ae-9f04-76a064cdb8db,12936,13690,-754,False,2,1461,1490,-29
37c71709-f64c-4de0-8a3c-ff2edc143c8b,11921,12909,-988,False,0,1701,1610,91
37d0aea2-efc1-407a-87be-b25bdc16523d,12539,13342,-803,False,0,1286,1426,-140
37de260b-d48c-4eda-b758-0b63d80b15f1,12561,11942,619,True,7,1909,1256,653
37e50f85-2763-4224-aef7-b959e9104d75,13852,12650,1202,True,7,1706,1235,471
37f35a56-9354-458b-965d-1cdb8ad28ccb,12642,12783,-141,False,0,1626,1078,548
37f4cef5-6dbb-4de4-8c1f-02fb2a913ccb,12179,13831,-1652,False,1,1391,2093,-702
380696d6-bc96-4ddb-9b4f-97daabcd88d7,14856,13623,1233,True,9,1736,1487,249
3809f008-33be-4dda-9cd8-fb47061284a4,13832,13369,463,True,6,1157,1188,-31
380a517a-6087-4a35-9e1d-66c348f6de3f,13129,14316,-1187,False,3,1187,1806,-619
380a5d27-2643-4383-a42a-6e3ef68c9bdb,13718,13716,2,True,4,1712,1434,278
380e030f-ea26-45c8-9fa1-a94662153f23,12519,13686,-1167,False,0,1382,2041,-659
380ed199-861a-4c3d-93ab-24149db8cec3,14905,14098,807,True,7,1747,1607,140
3812400a-7554-4368-a0df-c10728fd4efb,13312,12757,555,True,5,1620,1116,504
3819668f-92cc-4831-90a8-3f586dde2fe8,12459,13573,-1114,False,1,1469,1555,-86
381e4c1a-18a2-418f-b406-8fc674796ed5,11686,12511,-825,False,0,1121,1022,99
382d1120-9e62-43fe-88d9-3878d409f277,12923,11919,1004,True,8,1417,1286,131
382ef10c-fb26-489d-aa6d-6127f16258b8,12647,11908,739,True,8,1268,1500,-232
38380b9e-df98-4e8d-9ee7-a8728d81a978,12426,13323,-897,False,1,1200,1698,-498
383873e7-cf78-4a33-9f88-f7e58c5f763c,13257,12982,275,True,8,1810,1624,186
3838f732-2310-466d-bd31-35f748d76265,13042,12862,180,True,4,1589,1211,378
383bbb7d-e68c-4e40-a00c-ebd33150280f,12291,11530,761,True,4,1249,1220,29
384e7c92-d455-4be3-8210-9f20debb3cd8,12267,14580,-2313,False,0,1381,1746,-365
3856587d-f158-41e4-9693-29fb346b5d94,13207,13526,-319,False,3,1488,1515,-27
385a7492-8ca7-4e5e-8014-7f12c45c8b54,12978,14213,-1235,False,3,1554,1789,-235
386e47b7-fafd-4fac-951c-dd52d6e35e93,14054,15977,-1923,False,3,2391,2157,234
3874b504-a35a-46d4-8ff2-f7353e790db9,14498,13471,1027,True,5,1280,1371,-91
38810910-18c4-45df-bf9c-7a4eb1fd6972,12947,12637,310,True,5,1503,1304,199
3890547d-15b8-4117-935d-3837da945ab9,13196,14582,-1386,False,1,1730,1776,-46
3892b6f2-a80b-4a67-b130-fc2b3077513a,13512,13455,57,True,7,1501,1420,81
389f9d32-0811-4def-b457-febb6348ed38,11972,15034,-3062,False,2,1335,2448,-1113
38ab4c8f-d553-4981-9915-53da262ae957,13671,12499,1172,True,7,1535,1111,424
38d0ef63-5b3f-4c8b-8a5e-bde38d17c2a6,12353,11352,1001,True,8,1436,1188,248
38d80cff-9d6b-45e9-8b2c-6019398a4dae,12504,12052,452,True,6,2084,1067,1017
38ebfb11-28e1-478d-906a-81cbee52334a,11426,13256,-1830,False,0,1396,1317,79
38eeaa41-0af7-48d6-8964-468b21254da9,13749,13841,-92,False,2,1447,1150,297
38f4c70b-692d-4e17-ae75-fbc8b9fb7322,13670,13068,602,True,7,1574,1581,-7
38f65e52-3a90-4a4b-a8b9-8cdb3077ed5a,14066,13095,971,True,8,1867,1403,464
38f6810d-1601-425d-820a-afd37eeac4e6,13735,12149,1586,True,6,1669,1568,101
391a2baf-aef8-4fd0-8b99-84989fa4a79f,14753,13033,1720,True,7,1543,1606,-63
39281406-f62f-499f-825f-eff1022f9f19,12106,13076,-970,False,1,1135,1592,-457
3935e9d1-8c27-4544-b9da-f6ee60ea84bd,12688,12563,125,True,5,1190,1481,-291
39379762-9157-46b9-9e96-0b350fee7654,12847,13263,-416,False,4,1517,1246,271
39439c1a-6da2-4195-8fd8-d7bfd3c4a177,13196,12167,1029,True,8,1541,1245,296
395588b9-005a-4ab2-a570-b7922727c986,12402,12301,101,True,5,1382,1369,13
395e4592-f72b-4616-973c-3299b1620cb7,13380,12667,713,True,7,2105,1329,776
396be711-c45e-4364-8df8-a56625ecba89,12470,12648,-178,False,1,1679,1192,487
396ca834-65c1-4fb7-9ead-bb005ee2a173,12241,12145,96,True,3,1416,1282,134
396ee436-17e7-411c-9805-496df0f5a5e5,12406,14353,-1947,False,1,1608,1677,-69
39724f26-4251-4a9b-b3a9-76c1710050af,13032,12199,833,True,6,1461,1382,79
3972c692-f7ab-45e3-847c-3b5dfeb407c2,13023,13409,-386,False,3,1549,1553,-4
39a61b8a-9939-4c53-b708-8c50410aa022,13630,13537,93,True,4,1546,1932,-386
39aa66c9-b520-4f74-a5a2-00c717f0b550,13780,11100,2680,True,5,1933,1143,790
39d651b3-7001-4965-aa4a-2277d135fcbe,14030,12725,1305,True,7,1561,1246,315
39df0c4e-64a7-4a20-8e43-742dc0971291,14184,13923,261,True,3,1826,1842,-16
39e2da61-4ac9-4621-99a5-70013eb07ea1,13094,13417,-323,False,0,1494,1357,137
39f49611-3714-401f-8794-1eb2f2df6bcc,13248,13632,-384,False,2,2274,1588,686
39fef0c8-0ee7-4b54-be2a-33c6676e2d76,12863,14586,-1723,False,1,1701,1272,429
3a0f532f-650a-4cc4-acfd-4948988c7f18,13752,12731,1021,True,7,1647,1788,-141
3a127838-dce5-42e0-a8f8-54f18fc04c9e,13871,13307,564,True,4,1688,1404,284
3a1d9fd8-976d-487a-a46b-0037faba6e18,14255,12190,2065,True,8,1591,1467,124
3a1db6e4-b044-47f1-ab68-25a4a2240139,12755,13054,-299,False,1,1444,1096,348
3a284c7b-b516-4d58-a209-991e96d7c8e4,13612,13440,172,True,8,1504,2204,-700
3a376ea4-9ec8-4cc9-ad18-b33fec8efe09,12857,14685,-1828,False,5,1195,1938,-743
3a3fe3da-9810-40a5-9150-b4661fb68d3d,11232,12654,-1422,False,2,1070,1493,-423
3a41b3e5-ac2b-468a-adea-1ee136b637d6,13127,13143,-16,False,1,2082,1768,314
3a4a3e09-5d6d-47dd-bce4-5b812265d581,13811,12073,1738,True,8,1468,1234,234
3a4e474f-ccf5-40f6-82fa-26521d66a67b,14439,13545,894,True,2,2916,998,1918
3a54159b-7b4b-44b0-b62d-3a6c7a3ef2d5,12195,13363,-1168,False,0,1066,1313,-247
3a543152-a493-40f6-9274-476962779d79,14063,13579,484,True,9,1490,1456,34
3a6864c5-a73e-4cde-b562-757051793333,13191,12320,871,True,8,1328,1319,9
3a84d38f-412c-4e45-ba3e-043c3e246ea7,14977,12965,2012,True,8,2979,1505,1474
3a9248c5-804e-4d56-965c-6a2c402f4c60,12558,13114,-556,False,6,1385,1497,-112
3a9eaf0b-cef4-4d79-b890-2176af3e27a6,12945,12878,67,True,2,1584,1382,202
3aa8c45f-93a8-42ec-8d84-9eebf5ccfb55,13086,13273,-187,False,1,1562,1530,32
3aa955be-56fe-4c46-be7b-d7fd11c7532f,14332,12821,1511,True,8,1228,1389,-161
3ab61a08-93c6-42e6-ba77-6d0bc5cffcf1,12919,12988,-69,False,5,1216,2043,-827
3abb210e-7284-476b-9891-608b3d357bbf,13586,13870,-284,False,6,1514,1584,-70
3abde47a-6437-44b7-b681-0cd5414b95ae,13658,12337,1321,True,8,1726,1210,516
3ac42b64-439d-40b1-8587-345efa14f88a,13301,13373,-72,False,7,1491,1748,-257
3ac99311-f77c-4039-bd1b-64f50831e709,12084,11834,250,True,5,1343,1263,80
3acdcac6-11bc-4b17-b516-ff40ecfc3a8e,11737,15443,-3706,False,1,1564,1786,-222
3ad53442-b27a-42de-ace5-590a090084f7,13755,12747,1008,True,7,1321,1472,-151
3ae25a1d-d6f9-40dc-8b2c-b867cd908562,12721,12367,354,True,4,1363,1594,-231
3ae35f85-8d88-4d21-b23c-7c543b14f9a6,12448,11776,672,True,5,1589,1101,488
3ae6ad93-bb73-48d1-818c-dd17b24fa47e,13137,12445,692,True,6,1247,1238,9
3afa3711-2bb4-4c6a-b789-344cc16fca56,13602,13680,-78,False,0,1709,1667,42
3b0b697b-c691-4684-898c-3a078fd87b00,15162,11547,3615,True,7,2385,1260,1125
3b0efa73-fffe-4a2b-98c8-15d42f05b5b4,14149,13869,280,True,7,1660,1067,593
3b17d0b8-7b40-4b6d-9604-dc35c8714c65,13847,12854,993,True,8,1260,1253,7
3b28e384-d170-4263-bffe-ac58101576d4,12310,13859,-1549,False,1,1411,1545,-134
3b385bdd-44bc-45c1-8b22-bd88ee19c17a,13104,12431,673,True,5,1536,1288,248
3b3fb612-509b-49f6-b4da-6b6ef509b36e,12477,12393,84,True,6,1230,1267,-37
3b41f939-fdfb-49c3-8dcf-99077ecf57aa,12637,12219,418,True,7,1348,2080,-732
3b491646-f74e-4de5-a81c-edc97f36ed27,12582,12758,-176,False,2,1378,1336,42
3b560e35-f756-4df0-bada-ae2f23941b5e,13679,12514,1165,True,7,1425,1435,-10
3b577161-05c7-4c27-8b01-22e45f6ce73b,13717,13059,658,True,6,1528,1401,127
3b66a41a-7f7b-411d-ad78-7321981e3e2c,12385,13295,-910,False,1,1441,1235,206
3b6972a4-8e25-434b-81e6-15d94622d2dc,12482,13710,-1228,False,2,1154,1541,-387
3b6f9425-319a-4416-a1d8-92e09e65b883,13394,13302,92,True,3,1093,1362,-269
3b89489a-3e8d-406c-9a9e-193b5321af37,13417,13422,-5,False,0,1719,1339,380
3b91702b-047d-46c0-8d3b-5bc606a8038b,11530,12485,-955,False,1,1434,1920,-486
3b97d95f-cf6a-4a17-b9a2-b4b51e28b9bc,11357,12896,-1539,False,2,1345,1325,20
3bb85726-1cea-445c-9a72-31edec54991f,13823,13189,634,True,2,2302,1407,895
3bba31e0-b70d-47ad-a99d-8a4c4299b103,12424,13107,-683,False,0,1412,1395,17
3bc11fbb-13b5-47b4-a688-6ecbb34946b8,12756,14045,-1289,False,1,1377,2259,-882
3bc23cc0-6215-42c6-a0ff-49a1a7bcb6ce,12939,13227,-288,False,4,1422,1460,-38
3bcfa09c-01d0-41a2-b763-a9cde6d33373,13265,12633,632,True,6,1779,1338,441
3be93eb6-1ddc-4176-ad77-e8bd0cc58788,13901,13927,-26,False,5,1431,1658,-227
3beaa8b3-6263-47c9-85fa-8dde611f0bb6,13495,12335,1160,True,6,2665,1243,1422
3bf52a59-f27b-4abe-9678-2a2ff0854c8b,12912,13199,-287,False,3,1546,1203,343
3bfb456f-4573-452c-962d-2262b2ac7648,14110,12543,1567,True,7,1563,1370,193
3bfe26ad-5197-4be1-89bd-7a81b68dd824,12598,14146,-1548,False,2,1153,2260,-1107
3c00c4e6-bde7-4e46-a4e0-31dddf63d267,13837,13484,353,True,5,1741,1142,599
3c180287-5145-4c7e-a342-7964dfc3d6d5,12553,14701,-2148,False,0,1517,1226,291
3c1b2524-a8e4-4b1b-a931-bf73e0072899,13714,13237,477,True,5,1337,1365,-28
3c1cc1d2-0ff4-4559-95e2-99cba51eadce,12452,12650,-198,False,4,1122,1329,-207
3c22d510-3241-49d1-a72a-c33cbe1f4be6,11613,12384,-771,False,2,1299,1674,-375
3c2e2ade-3e29-4334-a102-529b53b901c2,12982,12935,47,True,2,1931,1172,759
3c2e3fa3-51a7-49d8-ab8c-8e3e52c227d5,14026,14169,-143,False,4,1353,1223,130
3c31d718-8308-4b3a-b9ce-a58b02d98add,12521,14088,-1567,False,1,1462,2068,-606
3c3ea5e0-bd14-419f-b483-135947879b2b,12616,13633,-1017,False,1,1448,1464,-16
3c432ddc-31ac-4407-a634-574c32880cef,11836,12016,-180,False,6,1340,1506,-166
3c436361-09ef-4c7b-a762-f719e287d5a1,13771,11577,2194,True,8,1241,1075,166
3c4575ea-1022-4c87-aee2-7885b3c5c056,13284,13425,-141,False,0,1815,1464,351
3c4d43a8-22cb-4f77-9ba8-37812d732843,12630,11215,1415,True,8,1347,1215,132
3c4f9931-9307-4b63-a5f4-fa1a07104f28,12507,12469,38,True,6,1213,1525,-312
3c5cb51a-3270-4067-9268-8bbc644fbe90,13411,13934,-523,False,1,1442,1706,-264
3c736a51-36ba-40f2-a342-86ba0496a729,12611,13680,-1069,False,1,1540,1427,113
3c7b0967-8972-49be-be31-8db2c0a76bf8,13803,13111,692,True,7,1742,1642,100
3c829ba7-a947-4ccf-97b0-91b45b2c006c,13277,14150,-873,False,0,1728,1214,514
3c892485-c725-4089-9d8b-4c4f6cb78089,12802,14573,-1771,False,1,1410,1893,-483
3c89d88d-0d1a-444c-bce0-504f3200cd34,12630,12682,-52,False,5,1432,1706,-274
3c99d216-ebf8-44e0-af8a-d4d41750bba3,13119,12914,205,True,1,1920,1463,457
3ca36c3a-b6f5-4cc4-96a9-9bb862efd7fd,12458,13237,-779,False,4,1420,1117,303
3ca49512-a10f-472a-8c15-3bb67d6dbed3,12665,11300,1365,True,8,2166,1078,1088
3cafb7b8-5892-455f-90ad-17ff98c337f9,14225,13525,700,True,8,1686,1951,-265
3cb55ede-52b2-446c-aad9-bf031b5eaf65,12093,13608,-1515,False,0,1296,1439,-143
3ccf1e18-9727-4d47-8783-517a27a9fe6f,11778,11231,547,True,7,1099,1319,-220
3cd189ca-3a4b-45c0-8595-7ec4fcc0c838,13366,14280,-914,False,6,1195,1745,-550
3cd4494d-b244-4672-8b6d-ecec085592f0,12519,14238,-1719,False,0,1400,1832,-432
3cd79714-2303-4cef-999a-b78216ece878,12539,13313,-774,False,3,1552,1660,-108
3cda91bb-ed3a-4b42-9f37-ed9b47d3b895,11466,12772,-1306,False,7,1558,1219,339
3ce46020-4455-4918-b8ed-033b892b1061,12977,11739,1238,True,9,1322,1321,1
3ce9a892-debb-404c-a7db-4b4cea05e058,13137,12850,287,True,6,1399,1463,-64
3cff52cb-dfdb-4aea-b37b-4766ccfa1832,12654,14281,-1627,False,1,1359,1938,-579
3d00d3dd-d019-48fe-8748-1fcacab359e6,12564,12326,238,True,1,1950,1440,510
3d0680f7-2323-4adc-bbef-52662f22668f,13414,12592,822,True,8,1218,1601,-383
3d1d4875-8c1c-4697-9a19-2aae97021abb,14207,12883,1324,True,8,1572,1388,184
3d1dfac5-c2e3-421c-8609-7df0b1fb1e15,12637,13981,-1344,False,0,1333,1379,-46
3d25c75d-8afc-45f2-b33d-76b22ff7fb92,13211,13589,-378,False,3,1526,1936,-410
3d26d977-7344-4f41-9d4d-8dcb0302160d,12837,11527,1310,True,8,1782,1246,536
3d403355-7eca-4e13-af62-15379f50f753,13166,11600,1566,True,7,1779,1285,494
3d49c074-1b5d-4de1-8b8a-f16b9e67427d,12918,13309,-391,False,4,1269,1698,-429
3d530e75-e18c-4d4b-a48a-fd0bd9648d32,12586,13002,-416,False,0,1554,1126,428
3d620603-2fe6-4646-b752-067bf3fdc3b0,15233,13489,1744,True,7,3426,2143,1283
3d62eaa2-3d52-4c6c-a4b1-ce1ce7751d28,13676,12270,1406,True,6,1667,1366,301
3d7003be-4b9e-4a78-9b74-ef11e8648163,13458,14313,-855,False,4,1489,1923,-434
3d8c14c4-8f09-4d28-8be4-d39119da496d,13661,13055,606,True,2,1328,1813,-485
3d8c3bfb-5f3f-4735-954c-aa3bb8ddc22e,12639,12386,253,True,2,1929,1231,698
3d9b0aea-2e0f-419a-9ff8-6f57b5dcb7a7,12791,12214,577,True,9,1450,1209,241
3d9b2fdc-62ea-4adf-a053-33f0fb145bdb,15769,13672,2097,True,6,2802,1375,1427
3d9ddfb3-a8ee-4aa9-8eea-afbd3f02c146,14412,12981,1431,True,8,1996,1556,440
3da6ddac-4853-42aa-ae66-4159e88115b6,13898,12496,1402,True,8,1327,1399,-72
3db82f8a-dc30-4a8c-8417-289b87c3212d,14686,13480,1206,True,5,1796,1355,441
3dbe8dc2-0c88-4e9f-8557-52dc1d9336bd,13847,13371,476,True,6,1939,1327,612
3dc9ada8-86a4-4f65-a3da-00fa56944bb2,13967,14369,-402,False,0,1525,1701,-176
3dd6ff21-b413-4129-a84f-d7a239ef77bc,12066,13736,-1670,False,0,1456,2400,-944
3de6cc5f-6d40-42b5-8788-909e64247ae9,12495,12607,-112,False,1,1385,2135,-750
3de9227b-5d7f-45ce-be44-78cc4dd68df4,14869,15851,-982,False,0,2959,2905,54
3ded4baf-b3c8-45d7-afa8-c36c56866852,13315,13405,-90,False,6,2081,1625,456
3df03ba6-ffd1-44c5-b158-bdbb05529cbe,12255,12051,204,True,5,1298,1223,75
3df04996-a5a3-4770-bdec-16e8ecdedf5b,12872,12139,733,True,3,1978,1618,360
3df12d58-6f20-46b4-b885-fb2d6dfdc1e8,12690,12966,-276,False,4,1494,1467,27
3df2e95f-cdd7-4014-bf69-ba5bb950935f,13538,13216,322,True,6,1824,1532,292
3dfca013-9377-4608-8599-2b55f38b5975,12249,12900,-651,False,1,1356,1595,-239
3e010292-f895-4db1-ba62-242be2e5a697,14594,12702,1892,True,4,2801,973,1828
3e06e1e4-2f98-4ad6-b992-19cf7430260b,12240,13020,-780,False,4,1412,1415,-3
3e099a34-bd00-4665-8819-75ca188bfba0,13190,12412,778,True,3,1449,1350,99
3e14d52b-f710-4f46-b458-f023394ccb48,14344,14205,139,True,7,2175,845,1330
3e155f1b-f67b-4e26-97df-c9fdda6f4e84,13915,13154,761,True,2,1437,1609,-172
3e2c5fc7-7050-4d0b-9669-5530ae1f483f,14883,12805,2078,True,8,1456,1674,-218
3e40ff86-4ac5-47ba-83b1-5c0114aaf72e,12714,13970,-1256,False,1,1360,1348,12
3e4a4e2c-d9c6-4564-9d9d-fa0e6178e31e,14274,12862,1412,True,6,2316,1376,940
3e4d1f66-f962-4124-8f21-e1c9eeebcc42,13303,13128,175,True,5,1478,1232,246
3e605500-afea-4321-8b53-ee66437e83a7,12827,12628,199,True,3,1596,1378,218
3e6807a7-e139-49d9-ac4f-186edc90cdff,12977,13183,-206,False,2,1529,1433,96
3e748351-b365-4788-9ad9-1e8155a77583,12448,13067,-619,False,0,1353,1425,-72
3e7c4d43-d065-4b31-9bcb-d137118f1e02,11869,12296,-427,False,4,1305,1426,-121
3e7d109d-2020-486a-ae92-13df4ea50703,14589,12765,1824,True,9,1810,1391,419
3e7df4c8-855e-4b7f-aaf9-ccbded689c61,14003,13527,476,True,6,1824,1569,255
3e842ade-2837-4244-b7bf-30d1e5123fb0,12386,14179,-1793,False,0,895,1996,-1101
3e898667-6bae-4ba9-86ef-e7732fee93b5,13076,13183,-107,False,0,1544,1397,147
3e91fc53-be2d-434f-a91c-33374bfc3eb6,13008,12936,72,True,4,1342,1204,138
3e9cfd0c-8967-4770-81e3-06825ad89497,12489,13789,-1300,False,1,1411,2013,-602
3ea685a4-bc02-4790-844e-b99d92ebc03f,15052,13315,1737,True,7,1640,1367,273
3ea699e5-d2c7-4997-9150-32c1da43731a,13738,12881,857,True,7,1646,1328,318
3ea991b0-b3fa-48b6-bdd6-9f31dcaea509,14018,12589,1429,True,8,1618,1698,-80
3eb7e9d8-91e0-4c9d-acc8-ffb2baab156e,13449,13072,377,True,7,1682,1539,143
3eb8807f-6d4a-4373-a2af-ec0dbc9b7269,13312,13545,-233,False,3,1581,1994,-413
3eb92105-c37d-46fd-916f-919a9533268e,13693,13928,-235,False,2,1395,1359,36
3ebd3362-2c9c-4fec-ac49-9ebc01011129,12464,11702,762,True,4,1595,1380,215
3ec04107-b8c7-491d-abb1-6704ed34b40e,13319,11730,1589,True,7,1239,1264,-25
3ec901e2-56a1-4135-bda0-28048b66a183,13032,13260,-228,False,2,1395,1620,-225
3edd6f9b-2240-48e0-b262-7ead0af93b8d,12183,11609,574,True,10,1328,1351,-23
3ee297c2-6a50-4486-a4ea-2b765bb3af25,13264,13627,-363,False,0,1736,1765,-29
3ee44c71-3987-4433-890a-71f838644b80,11870,12230,-360,False,0,1494,1525,-31
3ef09774-928f-4747-9c99-25c219390df9,16299,11828,4471,True,7,2596,1147,1449
3efb9b23-bc26-4c45-b9c2-38bf020e1a27,14393,13675,718,True,5,1976,1104,872
3efe626e-8025-4ca7-a127-f9c90b79779f,13312,12981,331,True,6,1503,1395,108
3f05a25e-e866-4731-a06e-da34f5ac024c,14022,14266,-244,False,4,1333,1601,-268
3f0ff12a-06ef-468e-9028-3bfcd41c7018,12995,14851,-1856,False,2,1371,2305,-934
3f13f44f-9dba-4e82-aab6-3e5114585ec8,13318,13567,-249,False,7,1156,2064,-908
3f24b052-6d58-4bcc-bf7c-cf247f8ed98f,13419,13194,225,True,1,2050,1752,298
3f2e073d-98ac-4bba-a165-0350ad5ec570,11850,12319,-469,False,1,1295,1389,-94
3f38ab72-5642-41a9-a66c-943716f057c6,11784,12197,-413,False,2,1286,1532,-246
3f40d475-aad8-4ba3-91f1-04d6e9425cdd,14821,13043,1778,True,8,1341,1044,297
3f53c274-6642-4d53-afc5-71aba00fcc56,15021,14914,107,True,6,1915,2138,-223
3f60830d-c8c1-4b33-84b4-37da56814c5e,13582,13515,67,True,1,1441,1144,297
3f76c7e4-c36b-4fd1-af34-d2152f4615c9,13390,12449,941,True,9,1157,1555,-398
3f7c9982-e801-4e5a-9422-7180686cb759,13900,13586,314,True,6,1148,1329,-181
3f872040-dc4a-4287-93ab-946e926f9c77,13103,12902,201,True,8,1076,1559,-483
3f87ded8-ecc4-42d1-b561-7e1bca0b31ab,13416,14511,-1095,False,3,1995,2589,-594
3f954a4c-854f-4f21-993b-0f3c3f4b5601,13654,13250,404,True,6,1675,1488,187
3f95fbce-4138-43da-ae18-653cb91ba514,12286,12990,-704,False,2,1475,1247,228
3fada05f-63ef-43d1-ad0c-807c3033d15b,13159,13010,149,True,7,1554,1586,-32
3fae769f-33fa-4668-801c-b1a366d2d4f8,12896,12213,683,True,8,1084,1176,-92
3faec27b-cc84-4bb0-a0a8-e9e695ae5536,13046,13452,-406,False,1,1402,1624,-222
3fb2e8a4-fa25-497c-872a-6f856ca1a106,13762,13603,159,True,1,1843,1327,516
3fbd5723-3ba7-411b-985d-d8c1db2c8844,13882,13896,-14,False,1,2167,1662,505
3fc4552c-e37f-453f-90f4-7d95b4e05686,13408,13313,95,True,5,1657,1540,117
3fc8387d-fe7f-4ba1-a440-a50b62a33fb4,12995,13287,-292,False,1,1675,1517,158
3fdfed75-a947-4a78-ab7e-9a388646b8fd,12975,12748,227,True,6,1297,1269,28
3fe88ccc-61c6-4897-989c-d0c638205151,14322,12894,1428,True,3,2520,1092,1428
3fed935e-c494-462b-b8a3-81bf786dda1c,12172,11691,481,True,8,1424,1300,124
3ff07407-835e-4a72-8a78-7a6f905c2097,12680,13043,-363,False,4,1583,1873,-290
3ff7369f-8cb7-4374-bebc-6cc387853f42,13991,13562,429,True,1,2283,1665,618
4000e448-333f-40e3-bc21-197e71fe33d4,11872,11567,305,True,7,1450,1294,156
4003d8ad-c8ef-46c5-bcdc-ca2020154658,12998,12875,123,True,5,1616,1347,269
40045e6a-d021-4327-8636-51c14744b879,13160,13739,-579,False,2,1479,1502,-23
40094c3e-19fa-4e70-80e6-ff0548311b62,12885,12885,0,True,3,1799,1574,225
400e8c69-a9d5-4b28-ac80-f6efb6ac3436,12344,13970,-1626,False,1,1310,1398,-88
40114982-61bc-4301-bbe0-0583288d18e6,12841,12358,483,True,7,1557,1518,39
4030fb51-33cb-48f0-a423-e4128bf9f95d,12850,13414,-564,False,1,1405,1743,-338
40376ab8-94a4-4690-9f69-750192d40cfb,12844,12230,614,True,8,1293,1295,-2
403dd1cd-9fe9-46ef-8e8a-148e08d9bb9e,13752,12734,1018,True,6,1760,2102,-342
4042ba3e-bcec-4c1e-8435-9d55ee62d501,12971,14735,-1764,False,0,1298,2052,-754
4046dc90-aed8-4a26-bb95-bd93473623ea,12785,12947,-162,False,3,1302,1473,-171
404a1e7f-0c45-4b4d-909d-aabfedf64f80,12883,14168,-1285,False,1,1316,1366,-50
404d3851-b8aa-4c4f-97f3-1246335be7cf,13040,12445,595,True,5,1672,1221,451
405098fc-2c27-4e84-90a0-960942ee5eda,12133,13805,-1672,False,0,1092,2031,-939
4053950a-2549-40d4-bb97-0170bea50039,13299,14725,-1426,False,1,1358,2574,-1216
405f3f2d-c893-4878-983d-85f3fe688f7b,13964,12988,976,True,7,1255,2203,-948
4060131a-e6b5-40cc-8d29-43e1341c378c,12647,13683,-1036,False,5,982,2134,-1152
4066d8e1-8aee-4072-abb4-81cfba15cd56,12952,14960,-2008,False,1,2060,1455,605
407dbf77-4c13-4a43-8c78-86082d6ac4a3,12606,12067,539,True,8,1446,1158,288
4080c817-ec7a-4fe4-a1f6-800fba50b213,12853,12729,124,True,6,1329,1548,-219
4091015e-d3fa-43ad-8e61-5fc75ffc710b,13708,13517,191,True,7,1253,1635,-382
409315c6-c7f6-4d4b-8f68-89022e046bb9,12899,13253,-354,False,1,1578,1194,384
40a165d0-a6bf-46bc-9803-a83ce3e3b2d5,12311,12253,58,True,4,1391,1318,73
40b31b41-90cc-4397-a8db-d373fec077cb,12425,12549,-124,False,1,1545,1410,135
40bbfbc6-0163-486b-9582-0739765322c8,14684,13921,763,True,5,1675,1230,445
40cfced6-7d6f-4d5c-b5a1-1ec50d27c623,12242,11327,915,True,8,1256,1421,-165
40d0316f-4f89-4cbf-9dbb-05605ac49344,13548,14300,-752,False,1,1129,1697,-568
40d2c846-a6c3-400a-889e-093cee0246df,13299,13933,-634,False,4,1324,1827,-503
40dedd19-6b1c-4720-9320-9fbf494ba262,11213,11202,11,True,5,1245,1224,21
40f37310-aec1-45db-bfcf-5c173dee2de2,13164,13703,-539,False,2,1494,1480,14
40f5ff9c-3fd5-4fec-9564-125b304bc98e,12317,11672,645,True,6,1358,1391,-33
40fcd5a3-ae47-4013-bab7-67f9f80f46dc,14495,12631,1864,True,6,1715,973,742
4101f600-b1ba-4a4e-92fc-f88a602b6d8f,12966,13134,-168,False,7,1104,2497,-1393
41041d62-e5c6-4eb2-9605-9180949700d4,12448,12580,-132,False,4,1541,1371,170
4105109b-b2f4-4733-a074-e2d7a8154642,12970,13080,-110,False,3,1576,1508,68
410bc6e2-e132-4646-8278-cb10e4645ca6,11981,12107,-126,False,0,1471,1465,6
411ac8cf-8e8c-46ed-995b-9f5c0f503d5d,12278,12568,-290,False,0,1177,1312,-135
411cc970-7925-44f1-8858-b6a3240d26dd,13860,13491,369,True,4,1607,1251,356
412a0e0a-c747-4ae1-8187-4ed0d5a9f6f9,12920,11942,978,True,8,1478,1474,4
414b6fa2-0dfb-4f3b-89cb-ef1a258eb126,11810,12143,-333,False,1,1283,1578,-295
414b83ae-5062-496c-b8d1-8564202172fa,12103,13706,-1603,False,0,1329,1876,-547
41533284-767f-493d-9eaf-d8d7dc99a917,13421,13268,153,True,6,1341,1536,-195
41578bf5-e569-44ec-9acb-d9ca358806ae,13183,13255,-72,False,2,1318,1447,-129
41665f90-2df9-4d71-a383-98bf0cb28bfe,12205,12185,20,True,6,1262,1410,-148
4166f5f6-9943-4b0e-8fe3-5ecae301d325,14787,13317,1470,True,6,1955,1449,506
416b2b47-5e00-49d8-90fa-3452c7aecc16,13078,14470,-1392,False,6,1277,2294,-1017
416b592e-6cda-4fa5-956e-d703940b9ec4,14006,13725,281,True,3,1597,1410,187
416c1b5d-b95f-4b18-a8da-e2908510c4b7,14160,14487,-327,False,2,1785,1492,293
416ced1c-980f-456d-ad11-641053ce1f83,12769,13554,-785,False,4,1283,1405,-122
417d9c77-0925-4fd7-b717-a777f5e7d220,14368,12125,2243,True,7,2730,1199,1531
417db6d5-bfd2-464c-a87f-2a8e7bdb83ab,13254,13295,-41,False,0,1777,1315,462
418600ba-233a-4a80-8a66-9183485b5b65,12928,13274,-346,False,2,1814,1607,207
4187beb6-a8ca-4b2d-b949-cc1466d1c8ac,12166,12574,-408,False,5,1304,1868,-564
418eed96-d747-40bd-8bc2-79c85c453358,11366,12490,-1124,False,0,1165,1416,-251
418f2640-a905-4d46-8c06-ad34147b8be7,12896,11843,1053,True,5,1784,1408,376
41993658-7c8f-4fa7-94d8-1985e51909be,15648,11894,3754,True,8,2149,1163,986
41b436ee-528d-43e3-a433-ef099a213b86,12861,14163,-1302,False,1,1585,1611,-26
41b5a38d-5528-4645-8c02-646f0ab4f770,12973,13166,-193,False,7,1433,1814,-381
41bfbab7-8ece-4029-b348-8c72e4fd1440,12601,12372,229,True,5,1254,1317,-63
41cf2459-1129-44b8-8583-447c9b2e5142,12369,14265,-1896,False,1,1215,1280,-65
41d026dc-0b6a-48c1-a20d-352437fc99fd,12750,13155,-405,False,2,1172,1334,-162
41d7b485-a558-4027-a587-0bb5bf62ac21,13942,12689,1253,True,8,1662,1424,238
41d7ceed-d83a-453f-b2ba-da4d7463f9a7,13977,12937,1040,True,8,1628,1490,138
41da87c7-00c4-438c-b344-885d8315255c,12148,13267,-1119,False,0,811,1688,-877
41e66ffe-0ff3-4a79-a1c1-de32b8ad3b2f,12449,12617,-168,False,1,1891,1540,351
41f87a9e-d34d-4beb-99ae-51558f09b666,13594,13668,-74,False,1,1398,1667,-269
42321fe7-3ed2-4ee4-82d5-724f8c6d3efe,12234,12238,-4,False,3,1362,1448,-86
42329905-c695-41b7-ac80-d51ee587505a,12685,14385,-1700,False,1,1427,1834,-407
42349295-4123-4563-98e9-a8e57c5cef9f,12725,13303,-578,False,0,1306,1620,-314
4240a17c-1285-4074-ae4f-dad223ce1de6,14859,13725,1134,True,3,2141,1101,1040
42417654-e125-4697-940a-ed0e70aa9f94,13414,13797,-383,False,3,1370,1311,59
424c7b41-ad4b-4eaf-8597-e8e5e8b1f291,13478,13328,150,True,3,1617,1761,-144
425c300c-3fe2-4a4f-984d-5204a361528f,12787,12960,-173,False,4,1688,1613,75
425f16c1-efe4-45ce-bdc9-cbe49a44656d,13070,13207,-137,False,1,1479,1576,-97
4267a762-723f-4ad5-a997-8516f849fee7,13061,12018,1043,True,7,1531,1214,317
42698f5f-5d19-441e-8937-c73bf5912315,12966,13318,-352,False,3,1457,1596,-139
427240aa-bf03-4fb1-b60c-70227f116f4e,14432,13958,474,True,7,1596,1603,-7
4277045b-2357-4f3f-b1bd-21e307b664af,14099,12939,1160,True,8,1456,1392,64
42947b2f-8dc8-4aea-b3d7-f55a0746a3ce,14063,13185,878,True,7,1536,1568,-32
42b5b27f-0374-435f-8ee6-b339649d8aa7,12913,13337,-424,False,3,1485,1566,-81
42b87182-6b4a-45b3-a201-16852eb74077,13462,13389,73,True,5,1388,1393,-5
42ba0ab8-0a23-484f-a420-98e1d2d99d3a,13658,15558,-1900,False,1,1613,2525,-912
42c5267a-03ed-44b7-932e-8db8b609faad,11665,12079,-414,False,1,1463,1336,127
42c54707-ce27-42ee-90e0-3289dff73eca,13041,12804,237,True,4,1521,1269,252
42c65b46-5f17-490c-a474-110e97bcf875,14415,12718,1697,True,8,1621,1118,503
42cfbef7-b672-4340-8fdd-6ef4c2f45548,13578,13849,-271,False,1,1187,1458,-271
42d0f3bb-ebc0-4a89-9d66-97d6c3843400,13430,11925,1505,True,7,1581,1278,303
42d3a135-639c-46e0-8c12-ac67420d4a23,14571,13577,994,True,7,2037,2282,-245
42d50895-bc92-4261-a2b9-469c074e2279,14552,13720,832,True,6,1398,1407,-9
42de2af3-9001-4f87-a75c-70055f172610,13751,13114,637,True,7,1342,1590,-248
42e2bf2f-ca8e-49fa-aee2-3310341eb7c1,11801,12750,-949,False,1,1331,1259,72
42ef7764-212d-45fd-8ae8-d27a7b7622d2,12611,12597,14,True,6,1440,1458,-18
42f71d0a-cda6-4390-9ec9-359a6f20b749,13549,12097,1452,True,8,1401,1437,-36
43082e72-7303-40b9-8092-b921965854e4,12939,13296,-357,False,0,1712,1363,349
430cb350-7083-4d8c-aab5-ff41b7aa5846,13652,13803,-151,False,7,1606,1983,-377
431ac15b-eb2d-468c-9742-3bf21d935644,13324,13145,179,True,6,1419,1445,-26
43210e20-8f6f-4f3f-91b1-18c061d29b8c,12338,12332,6,True,7,1569,1594,-25
4323f938-6f15-4775-82b8-416f4def2ef3,13902,13157,745,True,8,1533,1558,-25
43388b9a-15b8-422c-bcc6-75c8776768c9,14070,12791,1279,True,4,1669,1419,250
433ec521-d12c-45ed-b6a4-b5ff71149bdd,13683,13316,367,True,7,1540,1522,18
433fe77f-ffe2-43db-b71c-d57f371a281f,14166,13399,767,True,6,1639,1367,272
43442626-6723-44e8-bc0e-d4e3b363b8dc,13287,12208,1079,True,7,1359,1393,-34
434b459a-d9b5-4cb3-a240-3abd7170015f,12835,13228,-393,False,3,1652,1396,256
434dcc20-f3dd-47ed-8252-c7b774d78120,12740,13843,-1103,False,4,1440,1567,-127
434fdcc3-62fe-42a4-ba3b-12a9bfd56e24,14169,12714,1455,True,7,1360,956,404
43549c17-45c2-422b-b7f0-dc56267f69e7,12712,13389,-677,False,2,1397,1436,-39
4354d5b6-5ae4-452e-82de-4230dcdecfb2,13571,14112,-541,False,4,1473,1527,-54
435546fa-f8c4-410c-9c51-7a35e99c37d2,13459,12873,586,True,7,1567,1658,-91
4358e070-e4d2-47e6-886b-8e6a0b51418b,12940,13010,-70,False,6,1528,1667,-139
435ee72e-2983-4722-ba76-5c573362f3bf,12845,13580,-735,False,3,1228,1380,-152
4363eed1-e8ef-4174-9fe6-ed5f69b2342c,12899,13036,-137,False,4,1768,1353,415
437a55f4-b9b2-4ba4-9fdc-66179889b452,13569,14448,-879,False,0,2010,2167,-157
43855500-bb69-4e07-b2b6-cb3cc687b530,12578,12098,480,True,8,1426,1707,-281
43926128-d4b2-4fb6-8b9b-e28201eff20e,12831,11249,1582,True,8,1451,1155,296
4399bd89-4e89-4bd8-a356-36ad5de66085,14315,13178,1137,True,6,1622,1176,446
439c8b2e-db12-4353-a995-d7802cf80c6d,13067,13232,-165,False,2,1542,1533,9
439f924b-d364-4653-adb6-f8715a459669,13745,13153,592,True,4,1686,1136,550
43a84ec5-4444-4a70-9c14-3a310ea9c2b7,13602,12657,945,True,8,1980,2203,-223
43a99f2a-7e71-4f12-a7ab-9e60e4457c66,12685,13806,-1121,False,1,1477,1584,-107
43b7f544-1417-4d07-8d04-208e9e2e3ecd,12686,13557,-871,False,5,963,2328,-1365
43c1b67c-d683-40f9-9de6-a9a5ab55fef5,13188,12767,421,True,7,1452,1668,-216
43c66878-6d44-45fa-9b9f-d84bfa04fc8b,15792,14473,1319,True,7,1154,1332,-178
43c85a57-6d5c-4b0c-a254-07ced50f9c48,12262,12581,-319,False,2,1361,1427,-66
43cefca5-ac0d-4fea-bfed-b1ebf97d7197,14343,12661,1682,True,6,2205,1197,1008
43d47730-f0bb-4639-a4e0-a1ef7c797d51,13786,13778,8,True,3,1383,1706,-323
43ddd523-8386-48f2-898e-f42d22ccbf27,12439,12945,-506,False,2,1237,1530,-293
43f3e8e5-8e04-429f-becd-38ea7448f47a,12832,13917,-1085,False,4,1457,1479,-22
43f8dbd5-94a4-4ca5-83b1-d19d9e913dde,12760,13307,-547,False,8,1214,1933,-719
4408486e-8b11-40f5-a869-9154bce4cd77,14529,14101,428,True,4,2117,2270,-153
4413db9d-50c0-43c5-8d52-8e958d30b65c,12302,12414,-112,False,4,1226,1677,-451
441dea87-06a0-4285-a8c6-2c1958b88d29,13375,12987,388,True,8,1635,1981,-346
442387d5-303f-478b-92b3-8d1eafb18f77,12857,12873,-16,False,1,1165,1247,-82
4428601f-7b06-495f-b471-add2d99488db,13069,13843,-774,False,1,1509,1376,133
443a92fb-1bf0-41ff-996a-cde552a784c3,12220,11669,551,True,6,1092,1335,-243
44470268-e00d-45da-92f5-7b4dfaec4605,12408,13404,-996,False,4,1405,1615,-210
44526abe-3911-488b-85eb-197b5ba8b95a,15075,13991,1084,True,7,2533,1593,940
445319d7-ad7e-413c-8204-e1047990ac27,12725,13254,-529,False,0,1439,1499,-60
44536e52-4a2a-411c-9a59-17c2bc49635f,13424,13174,250,True,5,1512,1428,84
445608f8-3013-4344-962a-37d9a0421128,12192,12621,-429,False,2,1432,1308,124
44565c1f-01d4-4404-8ca9-8db74c3d2909,12915,13869,-954,False,0,1526,1655,-129
445ad85e-dde3-42df-97f2-ba4174f5616e,13263,12890,373,True,7,1423,1439,-16
44676b5c-9ee0-4b2f-9cb4-d7bf654f77d7,12553,12003,550,True,8,1612,1335,277
44744f16-ab1f-4160-bb3c-b282a206c729,13072,11480,1592,True,7,1925,1150,775
4483a6d9-17dd-4bec-9018-16e1a98fc8d9,13142,13051,91,True,7,1264,1530,-266
4486e93d-401a-47f6-b077-efbcd272d250,12129,11801,328,True,8,1330,1394,-64
44871ff9-9c03-4a87-951e-b49361901ae2,12485,12171,314,True,4,1275,1305,-30
448be666-85f4-4d62-bad9-435c97d8a082,12673,12787,-114,False,6,1135,1683,-548
449436ce-2c9a-4491-99f4-949c5432fb0c,14537,14771,-234,False,2,1373,1387,-14
4495135b-078a-49d8-83f3-b9842e7cec8e,13509,12755,754,True,6,1615,1475,140
449b6899-4cf6-450e-90d1-99b9af75ce77,13675,13434,241,True,5,1610,1500,110
44a531e0-6e22-4e32-ae8d-204736b4f970,12245,12659,-414,False,2,2072,1877,195
44abb8da-1780-47c5-820c-353a002d7d29,12517,13456,-939,False,0,1324,1510,-186
44c62d87-3149-4a71-b86b-d101c335ff10,13342,12247,1095,True,7,1544,1484,60
44c8d3e5-cb34-475c-be05-c850b18992f2,13186,12392,794,True,4,2104,1645,459
44cf2f3a-97c3-442c-aa29-3fbd98de8a01,11419,11661,-242,False,4,1236,1566,-330
44e0256b-201f-4958-813f-8e98221cc2eb,14082,13375,707,True,7,1746,1491,255
44fc814f-7495-48e1-b305-3e4aeaea8efc,13273,13223,50,True,1,1831,1080,751
44fcf8ca-de40-4cd1-a988-aac3255b93fe,13583,12808,775,True,6,1636,1494,142
44fdc20a-dbac-4388-bf3a-503e99ecdb91,14067,14393,-326,False,7,1355,2071,-716
44fea6bc-ce89-459f-a822-5ba47b487c7e,12109,12669,-560,False,0,1417,1397,20
4515d9ac-870f-46dc-96e1-4040acfac139,12858,13199,-341,False,0,1414,1585,-171
4515f839-f270-45ad-8b0b-ec91eef2b2ab,12795,12436,359,True,4,1455,1465,-10
45161f29-6324-40c5-92b3-a435a33be334,13139,13279,-140,False,7,1373,1334,39
451b23ed-bdd1-4c98-8afd-6ec7c71f3eaf,13479,12941,538,True,8,1353,1730,-377
45256368-59b0-4549-aeab-ae382c349895,14224,13537,687,True,7,1775,1323,452
45285b60-b8eb-4d30-81a4-87ea7f1935aa,13166,13048,118,True,4,1221,1636,-415
452a1345-a05f-47d6-8a11-c8011fc2ac20,11347,13332,-1985,False,3,1190,1774,-584
452ad9cf-f4e2-41e6-aeda-19aeb02f0124,15979,12559,3420,True,9,1686,1280,406
4535ea20-92e5-4421-8b99-a7fadfc2272e,13667,14803,-1136,False,2,2324,1948,376
4541ec60-a0bd-4c66-b453-d1fc2b5bda04,12754,13543,-789,False,0,1307,1564,-257
4548fc52-37c0-44c7-9f58-3fe9ff4d9c74,12008,12826,-818,False,0,1506,1491,15
454a216e-5f87-4f27-9158-d56b74c2595b,14534,13553,981,True,7,1525,1295,230
4555ecb0-ad0b-49f4-9f5d-32a9da6379e4,11377,12561,-1184,False,2,1097,1599,-502
45676c40-7541-4af9-be09-cfbe4f11d28d,13940,14723,-783,False,2,1338,1511,-173
456f28c5-d08f-4c95-8b0c-84ed7fe18a43,13022,12996,26,True,1,1541,1366,175
457db633-0396-4a48-a345-43a416305b5d,12748,13562,-814,False,1,1447,1578,-131
4591fa6c-c008-4eaa-b4a0-a8cba022b29b,12698,12446,252,True,7,1420,1444,-24
45937e62-61f3-4d36-b614-141ddb9ad7bb,13802,12053,1749,True,6,1170,1406,-236
45b77fdf-7d58-41dc-92ed-cc8ae2b8ed05,13751,12524,1227,True,8,1547,1569,-22
45c10445-f024-453e-a716-17f62e3186aa,13359,12955,404,True,7,1335,1857,-522
45d2d80d-9fae-467c-b32a-ca63055918c1,13313,13540,-227,False,4,2166,1016,1150
45d5ef14-219f-4cab-8f6e-9e1497d674a5,11397,11407,-10,False,5,1209,1413,-204
45d6156c-019c-49cd-bf2c-f22868d3d7ba,12468,15005,-2537,False,1,1483,2166,-683
45db9258-8363-4691-ad5c-bae0761a4946,13158,14096,-938,False,1,1333,1965,-632
45dbcbb2-d971-41b2-9d9f-507df5ee336d,12577,11498,1079,True,6,1340,1127,213
45ec835d-fe33-4934-929a-0fefe873bc4b,12513,14450,-1937,False,2,1397,2205,-808
45f66fa7-2f14-4081-959b-ecc8b4ce8a9f,12708,12391,317,True,4,1464,1394,70
460063ab-c410-4b2b-9c9c-23c35c0a6536,12056,13397,-1341,False,0,1326,1422,-96
460960ec-0f3e-4164-b4b6-f45eda0c638e,14854,15337,-483,False,1,1390,2301,-911
4620b92c-957e-4f80-9c8d-bdf07b507e40,13201,13887,-686,False,1,1335,1383,-48
4621b5ec-af06-4b77-a87f-e1ce5e970b8b,13929,12962,967,True,8,1868,1347,521
46459146-4fa7-4063-81f8-4c2fc3c56c27,14136,12696,1440,True,3,2303,1258,1045
46525623-26fc-441a-8673-875f36948efd,11304,10331,973,True,7,993,766,227
4654cc2a-280b-4b2e-b2f5-e53c24fbbc32,12269,12342,-73,False,4,1927,2056,-129
465f98f4-be06-4ee3-9647-68d12986b3f9,13535,11980,1555,True,7,2167,1384,783
466128d8-226e-4f48-96b7-7115e7b26cc0,12794,13353,-559,False,1,1484,1827,-343
466357d0-a00f-49a4-bde3-6cb296261735,12383,11738,645,True,7,1459,997,462
46728feb-76e5-4b9c-8a9e-676c5e675d94,13894,13323,571,True,6,1704,1477,227
46781b27-2e52-48db-bc6d-4e37d8d4accf,13365,14926,-1561,False,1,1119,2315,-1196
467e06a5-5585-4994-8405-b8b10ccaa4f2,11944,11943,1,True,3,1396,1349,47
468d71e1-a36d-48d3-a397-475cc13d0ce6,13511,14737,-1226,False,0,2115,2437,-322
46918a06-d64a-4bd9-a893-932628deb855,11824,13044,-1220,False,3,1308,1773,-465
469ac8ec-d352-42f7-8b6b-6db0c433c80e,14237,12654,1583,True,9,1885,2182,-297
46c04be9-bc6a-448d-be86-d75664ba44ae,12873,13452,-579,False,3,1475,1569,-94
46c2b598-0da3-4093-b987-8a763cb3477a,14040,12852,1188,True,8,1369,1703,-334
46d0c27c-5432-4a78-a3f3-9f4efac2bb9d,12709,12607,102,True,5,1526,1414,112
46e3e2f3-5247-437e-96ad-88e67a56fcab,12878,13235,-357,False,2,1427,1404,23
46ea1361-710e-484c-8720-e9ca0da2a108,12181,11691,490,True,9,1347,1402,-55
46f2287b-b6ea-4695-9a9b-c81657a3ad02,12321,13763,-1442,False,4,1234,3024,-1790
46f653f1-86bb-4e99-9a6a-a14f4dd8b84d,13977,13996,-19,False,5,1490,1861,-371
46ffbfd3-e7be-4d81-9f70-ec0f4db53d86,11794,12612,-818,False,0,1441,1336,105
470f9b07-817d-4a65-b01f-180bfb20c0ad,14054,13446,608,True,7,1828,1374,454
47280695-6a14-4306-9e13-a6f8d58ce725,12462,12245,217,True,4,1305,1599,-294
472a3c7b-2a05-4f42-9824-fe35369b9d34,13424,13482,-58,False,5,1501,1694,-193
472fe0e2-a8bd-48b1-b65c-53d4d89d3dbb,12970,13595,-625,False,0,1666,1243,423
47317f1a-b37d-4be8-ad56-294ce478762b,13274,12551,723,True,8,1678,1397,281
474e6d36-52c6-4b39-9c2a-d29fbdb41a98,16706,12970,3736,True,8,1992,1238,754
47507e73-54d2-43ae-bbae-b7218b943338,14668,14945,-277,False,7,1514,1946,-432
4773b0fa-e646-4517-b5b9-9fb1866e21eb,13688,14244,-556,False,6,1799,1478,321
4789c81d-d8dc-4127-b087-b30dec26315c,13445,12535,910,True,8,1204,1210,-6
47a223de-02af-4310-93d1-61aa4882848b,13182,13557,-375,False,1,1432,1476,-44
47a7be4b-8c22-48c2-98eb-ba6b61e8cf27,14748,13817,931,True,6,1595,1525,70
47bfa087-4fdc-4416-9724-71d126f4f1f1,12402,12788,-386,False,2,1414,1253,161
47c63875-dc08-4717-9bae-c0d181f20d26,13182,12604,578,True,7,1655,1502,153
47dd36c7-71a2-4337-bf48-a8683cc488e9,13476,12695,781,True,7,1730,1338,392
47e72fd2-b131-4cad-b791-3dc4ac4d8fe6,12169,11824,345,True,9,1406,1378,28
48020e8c-043d-4f88-8780-ae0f9bb85831,13978,13707,271,True,4,1740,1610,130
480236c7-d58f-441a-8199-72519c882d71,14329,12765,1564,True,7,1275,1625,-350
481369c1-91ac-4c9b-907a-2f1134e4353f,13350,13369,-19,False,6,1502,1555,-53
4815a982-fa96-44d3-a008-4de3db681d56,13030,14882,-1852,False,2,1089,2694,-1605
481c2478-184f-4b54-b513-ba6293308ae1,13616,13079,537,True,4,1225,1362,-137
4822f429-b78d-4d9a-8c93-f1afb05531c6,14539,12661,1878,True,5,2394,1306,1088
48279281-a270-4131-8b35-0d23f315c0b9,13024,13625,-601,False,6,1367,2173,-806
4828ba9c-97c2-4a8c-92ef-cb1b1e71e549,12652,12757,-105,False,7,1188,1560,-372
4828d44e-42d0-4b74-b8a8-40b78bb45093,12025,12117,-92,False,5,1322,1478,-156
48361398-ef3f-4aa0-a329-721050acc2e9,13644,12263,1381,True,8,1356,1253,103
484920f5-2aee-4653-9193-c925bef7afab,13052,12269,783,True,4,1491,1161,330
4849baaa-f6f3-46fb-88bc-3c8f15ff380f,13796,12356,1440,True,9,1327,1390,-63
484cd006-bf3c-4654-bed3-7f07f732ea80,12332,14433,-2101,False,1,1063,2383,-1320
484e62ef-beb9-4675-8873-84896d76d4f3,13048,13073,-25,False,6,1497,1344,153
4855d463-0de3-46cc-8a78-60d6aeebd0d8,13454,13356,98,True,4,1826,1360,466
4859517e-a0d9-4e7a-899f-7eb832bf792a,13459,13992,-533,False,1,1408,1573,-165
48655982-752b-404d-a847-378323764367,14311,13880,431,True,5,1469,1563,-94
48723e48-5c02-4bbd-a61f-0824d70503ce,16110,13014,3096,True,6,2619,1105,1514
4874ca11-a5ff-4d18-af2f-f118d838683d,13022,13835,-813,False,1,1478,2091,-613
4883b9a7-d80d-42bd-9d79-ed3e8988742c,13809,14255,-446,False,1,1437,1668,-231
488eb06c-8509-4bab-b7fa-34f07c82e7c9,12117,10858,1259,True,10,1330,1271,59
48960042-f8e8-4e58-95e8-9a97655ad908,15373,11979,3394,True,8,1723,1234,489
48997788-29c4-4884-93b1-69b2985f2f2e,13125,13038,87,True,7,1511,1701,-190
489c8404-7db2-41e1-822a-695706c15b59,13149,12971,178,True,1,1564,1331,233
48a10093-c07f-48b1-958a-f4318f25a8dc,13739,13026,713,True,8,2039,1738,301
48abdd26-26ed-46e5-9ffd-7a5e588cd0ab,11587,11485,102,True,6,1296,1310,-14
48ba4e0a-b24f-4653-bf2f-47b57ee8ab47,13883,13337,546,True,4,1930,1421,509
48bf31af-28c7-463c-b038-200fc79cfa4d,14599,13042,1557,True,8,1295,1421,-126
48cb071f-827b-4927-bc46-70bfb98e4061,14601,13489,1112,True,8,1665,1391,274
48cf5e1b-78ca-4a99-a1bb-6667512a0776,12262,14309,-2047,False,1,1809,1305,504
48cfe74a-2323-46ab-8e66-997039acf7fb,13260,13336,-76,False,4,1690,1417,273
48d74284-a7e8-4957-8466-e4c20491c606,14614,14447,167,True,4,1555,2092,-537
48d8d089-e4ca-4c07-9139-331d5ed260e4,12881,11701,1180,True,9,1421,1261,160
48da25ac-3384-49da-8a55-42e11e5e9460,12881,13922,-1041,False,1,1608,1618,-10
48dcb542-04e7-4bbb-b757-ee5c8be332a7,12082,12437,-355,False,2,1220,1260,-40
48e24128-a3b1-462f-86ab-8a4d74687648,13730,13406,324,True,8,2466,2175,291
48e83570-7fae-4da0-9dad-80b7d40a631a,13966,13358,608,True,6,2163,1605,558
48ed1975-fb8d-49f2-b746-fb1362c52a79,12982,14250,-1268,False,2,1421,1893,-472
48f111d1-3d65-4f04-b657-23afefc0c3c9,13033,13805,-772,False,1,1412,1904,-492
48fe5a18-9d43-4708-9bc0-5705a5294027,14759,12577,2182,True,7,3017,1315,1702
49052f6f-8921-4fa0-acd4-5c1d3159b36c,13053,13607,-554,False,2,1539,1465,74
490ae059-5bbf-46a5-984d-336cf01f267f,13820,13334,486,True,3,1710,1142,568
4910aa87-7054-417a-b2ad-c149a28f0858,13482,14012,-530,False,0,1536,1493,43
491db5ca-bf1a-4b6d-ab9d-28bd6f2641ea,13614,13319,295,True,4,1529,1685,-156
491e89be-94ca-4555-9eaf-05002bf730a9,14071,12459,1612,True,7,2039,1268,771
49262826-95a6-4982-95a5-2e49d75a9223,11952,12299,-347,False,1,1554,1641,-87
4927ee82-356c-4563-9750-211e6f895188,12854,11449,1405,True,7,1960,1000,960
49368256-02ff-4f52-8fa7-71153a96004b,13789,12854,935,True,8,1807,1390,417
493e0e81-c362-4f7f-a6cd-11e1d4b6b706,12428,13077,-649,False,1,1260,1266,-6
49474135-75b7-464c-b7ef-372d11e168f3,12696,13878,-1182,False,1,1415,1404,11
494d1514-e654-4200-8780-2b5ce937c6e7,12463,13602,-1139,False,0,1526,1408,118
494ecb75-a04f-4aac-8afb-3ccd3dff3099,12955,13255,-300,False,0,1371,1199,172
495f64e4-c9b7-455d-998e-e62647af56bb,11878,11895,-17,False,3,1432,1351,81
496ebb6a-c882-44e4-9169-f70fa8fca249,13553,13470,83,True,5,1616,1614,2
4973d637-fabc-4e33-8380-a0f33017d812,12585,12203,382,True,5,1341,1394,-53
498422cf-d4ad-4685-9c14-31d30fd0d8a1,14770,13333,1437,True,6,1481,1630,-149
4985d6fa-28ee-4c2e-a0ea-787836cbf0dc,13024,13036,-12,False,4,1321,1366,-45
498ae058-da43-4aac-988a-40a88796fdf7,13604,12638,966,True,6,1807,1535,272
498b8d4a-d6ed-445d-9dbc-cf83c7fa1f19,12935,15261,-2326,False,2,1111,1439,-328
4994275a-c1ff-4e8f-ac49-decd107f0bee,12641,14081,-1440,False,0,1448,1351,97
49ae3baf-b028-4142-b52c-c6b8333db00f,12292,11903,389,True,4,1238,1313,-75
49b0c100-7d17-4504-b864-d23e2f2d6111,13157,14563,-1406,False,0,1666,1521,145
49b14bbe-06e3-44ed-9d30-5102bbb39326,15196,11634,3562,True,8,2095,1266,829
49bea375-9722-4920-a410-cefd52f3dde0,12583,14370,-1787,False,1,1606,1513,93
49c46b9f-fa5d-40d7-a2ba-a92ca9281eda,13350,13356,-6,False,2,1432,1371,61
49d1ea4a-1d44-4fa6-a4fc-82d642869600,13215,14316,-1101,False,1,1572,1366,206
49e39636-5df8-4b54-96fb-133f3f336e55,13324,10884,2440,True,9,1347,1139,208
49e5d6ab-bcc2-49e2-b77b-2401aaa65cca,12864,13565,-701,False,2,1350,1632,-282
49e9de35-9981-4d15-b752-32b9db38f34e,13523,14040,-517,False,2,1759,1819,-60
49eae21a-d6cb-48cc-b1b4-0be767c5a513,12731,13576,-845,False,2,1453,1641,-188
49f8ec9d-1676-4974-a4d5-a62d2d22cc7d,14376,13123,1253,True,4,1480,1878,-398
4a0006e6-96e1-45c2-9541-7f2cac784e1f,12439,11578,861,True,6,1355,1389,-34
4a024b38-dc8a-4fe3-92aa-a790c213eb48,14223,12705,1518,True,8,1783,1573,210
4a02eefb-b7c2-4b47-be8b-99df6bbf4602,14087,14115,-28,False,5,1535,1344,191
4a085bb8-1c03-440a-aa4f-c0f18708fbd4,12837,13396,-559,False,2,1585,1486,99
4a0b2f1b-2109-4135-bfbb-be0053cf9c32,12348,13435,-1087,False,0,1328,1307,21
4a1d9175-20f6-4595-9485-adff84daa10f,14131,13124,1007,True,6,1993,1193,800
4a219ec3-e337-4cfc-be5e-d67c9a89b8f3,13917,14843,-926,False,3,1466,1369,97
4a2c6c38-df6b-46ec-bc48-5a2ec713295d,15299,12530,2769,True,4,2762,1156,1606
4a2c6d07-61fe-4064-b881-4e0511108a78,13127,13632,-505,False,5,1162,1749,-587
4a2fa540-44d2-423b-85d3-27c4a8ae4bd0,12994,13060,-66,False,5,1367,1368,-1
4a38dfe6-fed6-4124-a57a-c0f73958ff8d,14574,14401,173,True,2,2514,1222,1292
4a3a6527-c9ba-4123-a436-de866f9ee131,13769,13617,152,True,6,2210,2267,-57
4a3eb5c3-61af-4994-aa35-2f17c5942021,13459,12976,483,True,7,1358,1120,238
4a3f1c1f-db54-485c-ae6a-89ad2708d413,12765,13614,-849,False,3,1666,1252,414
4a4050bd-7af6-4372-96d9-67c812752657,13761,13448,313,True,2,1611,1643,-32
4a4a578a-cd90-45e0-aece-91c034976c5b,11039,13004,-1965,False,1,1178,2140,-962
4a599e6d-aa0c-4446-a871-a5aab88af0e1,13899,14160,-261,False,0,1502,1385,117
4a6bb221-b968-4d32-97c5-ffc47c8f9458,13324,12416,908,True,6,1599,1231,368
4a714c05-18b6-4be9-81ab-8c95fb3c24ed,12252,14154,-1902,False,0,1302,1251,51
4a80839a-3712-4b52-aede-6c6b6d3362b6,15018,13722,1296,True,5,1537,1741,-204
4a90aecf-6c70-49aa-8210-eb10c5ca6975,13439,13404,35,True,7,1496,1524,-28
4aa8fb38-2c1a-483f-8cac-6c3ea7f6b51f,14594,12125,2469,True,5,2473,1102,1371
4aab5efc-f825-471a-b74f-17b36ff9b1f4,12998,13213,-215,False,0,1739,1270,469
4aaf8137-c6b8-47a4-8d16-cfd60ab3b8c5,13292,13196,96,True,4,1787,1737,50
4ab02f58-7729-4e00-a05f-3374fa6f8dc0,13404,13154,250,True,4,1499,1633,-134
4acc2596-9ec5-4907-b797-48e5216e0823,13201,13432,-231,False,1,1220,1343,-123
4ad30800-4fcb-45ed-952c-4751c3b51cae,12189,11677,512,True,6,1382,1509,-127
4ae05788-fc77-4044-aecd-7eadb6cb7275,12626,12561,65,True,3,1191,1394,-203
4ae6e471-7263-4449-bbfb-0293efe03848,12132,11612,520,True,9,1258,1281,-23
4ae89609-1f12-45f7-8ac4-e6dfaadb72b8,13561,12880,681,True,2,1610,1404,206
4af015d4-7d19-40a6-bb1a-53653667eb2d,13973,12627,1346,True,7,1518,1479,39
4af86e0f-04da-485a-8a89-597fe45fea52,12621,13854,-1233,False,0,1213,1886,-673
4afca13e-a81b-4e1f-b976-68e9bf9cc7e2,14200,11403,2797,True,8,2081,1140,941
4b033e7c-300a-4502-b8f3-1e52b2f41a12,12274,14156,-1882,False,0,1409,1662,-253
4b072c7f-a9af-4b59-a835-ff0e8c5be07b,12848,12680,168,True,6,1535,1631,-96
4b07bb64-5bd7-4023-ab00-82f039c3e948,13559,14646,-1087,False,2,1274,1528,-254
4b085469-b85c-452c-8a18-0a4dffc230c2,11855,12579,-724,False,3,1382,1518,-136
4b27a9cd-2f2e-4744-80ff-e48daeb5c0ab,13991,13172,819,True,6,1411,1575,-164
4b2d61ac-3948-45a5-ac0f-6bc932ee837e,12918,15145,-2227,False,0,1459,2395,-936
4b2db229-458b-4114-9685-28f7351054e5,13826,12792,1034,True,6,1446,1676,-230
4b3e3058-917a-494c-b7a2-99db725390ff,13898,14099,-201,False,7,2015,2539,-524
4b4c0c9f-62e2-44ea-a2fe-aa4c59a182b6,12842,11920,922,True,1,2126,1192,934
4b50ab30-4471-4ca9-8491-2e059c068fde,13253,13212,41,True,5,1520,1810,-290
4b541065-0d35-4ec4-b62e-47ffbeb3a6aa,12422,12538,-116,False,4,1252,1210,42
4b575fd3-b2dd-4b22-90b6-dbabf3347f89,14544,13100,1444,True,8,1745,1198,547
4b584123-b7be-4b92-9b6d-8a308af3b7e3,13797,12741,1056,True,7,1501,1389,112
4b597a16-57ca-40b1-8c02-5c74d86bc593,12529,14053,-1524,False,0,1351,2055,-704
4b5acd5f-14a1-4b44-bbd5-60f744470d80,13388,13118,270,True,6,1677,1594,83
4b5d0b6f-eed3-439f-a960-bf94045e51ca,14167,12503,1664,True,7,1318,1938,-620
4b71c227-ec45-493b-b228-3a2cf3410384,13786,12603,1183,True,8,1824,1591,233
4b7386fb-e9cc-46b6-b48b-0ebf7e2459a9,13056,13548,-492,False,2,1308,1465,-157
4b79a1fc-6a23-4c9f-a8bb-91c27a20f830,12534,11309,1225,True,6,1215,1414,-199
4b96432e-340e-48ce-9084-30f06358b317,13652,13352,300,True,8,1433,1579,-146
4b979c7b-2cf5-4ac1-b7b8-f4f5a1a512e6,12717,11953,764,True,3,2477,1082,1395
4b9b81b0-2ba1-46d0-b4d4-8be98de1810d,13882,12826,1056,True,8,1623,1180,443
4b9d96c3-9f70-4d9c-9c54-16214be958d9,13871,14418,-547,False,3,1761,2183,-422
4bb1a153-7d2d-4d42-bb2f-45f558cb06a3,13346,13763,-417,False,5,1846,1725,121
4bca3e4d-2498-4912-a1df-5e3d4f39a61a,14139,13662,477,True,8,1651,1478,173
4bcba5df-a19e-4ede-8f5b-8ce661a03a61,12351,13503,-1152,False,1,1355,1559,-204
4bce00e4-6725-4938-966b-33e448381d5b,13443,14442,-999,False,1,1330,1921,-591
4bd0c119-d609-4ac2-a90e-fcb892bf891b,13159,13666,-507,False,5,1273,1026,247
4bd4add2-8cf6-4579-930e-62e36f4fc744,12602,13461,-859,False,4,1249,2116,-867
4bd8a73c-c9d7-4552-a82a-64886b8de9cf,13671,13405,266,True,4,1969,2037,-68
4bde8865-c00e-48e9-8907-3f090355553a,13261,12813,448,True,8,1517,1384,133
4be7f602-a2e8-4c56-ac25-cefe585c68ba,13302,12267,1035,True,6,1620,1353,267
4be9610b-d917-4b9d-afd9-306013ccff2a,12523,12643,-120,False,3,1143,1271,-128
4beb7729-1d4f-4709-98f3-8c0ad592035c,14681,12656,2025,True,7,1578,1271,307
4bedc4bd-5de4-4ac9-bf2b-5131245489d9,11921,12753,-832,False,0,1346,1999,-653
4bfff9f1-3ea4-4206-a42d-f54968177187,12536,12291,245,True,5,1538,1564,-26
4c020424-d68c-4549-97d0-36161fcef47d,13165,13059,106,True,2,1951,1501,450
4c0d50f8-1fe2-4cbf-907d-b55dfd366160,13464,12992,472,True,5,1294,1462,-168
4c102020-9929-4b50-ab67-5f5ff8014826,14346,15623,-1277,False,4,1230,1999,-769
4c363dfa-3eb8-4964-8422-5270e1906fea,12323,12709,-386,False,2,1313,1402,-89
4c3f6fa5-eec8-405f-9f5f-9f28e60d3eb1,12822,13741,-919,False,2,1433,1732,-299
4c464492-650a-4683-9eed-bc6631f983c3,12390,13685,-1295,False,1,1164,1405,-241
4c4a8973-5d59-4633-970b-899beaeb0669,12990,13286,-296,False,2,1288,1398,-110
4c4b38e4-f0b0-4580-bd92-6873ab8d63be,12529,13232,-703,False,1,1443,1509,-66
4c5e6b6d-0010-4b13-aaed-1a82ac1f7f98,12094,12346,-252,False,4,1397,1321,76
4c712bf1-7dbc-4a89-ae45-08be0859af5c,12280,12352,-72,False,7,1886,2071,-185
4c72a3d7-8c58-4b44-b13d-66bf27857574,11589,12624,-1035,False,2,1844,2128,-284
4c7b27a2-f48f-465f-813a-39f0c78832f8,12240,11628,612,True,7,1154,1623,-469
4c7c134e-4c61-42a0-aa44-922cf9fe6112,13076,12635,441,True,8,1209,1284,-75
4c7de663-6031-45d5-9b4a-b812bf8a103d,13010,13198,-188,False,5,1280,1545,-265
4c866892-9fbf-40bf-a5e9-8a8c8a1b17b9,14407,12484,1923,True,7,1702,1201,501
4c8debfb-feec-479d-b67b-68629ba9a0d7,11712,12166,-454,False,3,1284,1292,-8
4c99ab31-5f25-45b1-b495-7305397d64fa,15810,12632,3178,True,8,1480,1501,-21
4ca4553b-404e-4bf0-b489-f75b22164a03,14768,13799,969,True,3,1979,1411,568
4cba656a-528c-4c0c-8406-fc14a230ac8d,14585,11114,3471,True,8,1517,1055,462
4cc7bcba-e9bf-4448-a423-d89e1496737b,13715,14360,-645,False,1,1856,1672,184
4cd92bd2-4f63-412a-94dd-8bbf3e90131f,13507,12982,525,True,7,1587,1546,41
4cd9b027-bc4a-445e-8410-c48a1a0c7877,12312,14037,-1725,False,1,1378,1783,-405
4ce03af5-29c2-42eb-8cfd-5af701b0ef4d,13262,12756,506,True,9,1225,1508,-283
4ce58274-e4c4-48ec-88f3-21184bbef2e7,12314,13378,-1064,False,0,1314,1496,-182
4cf511bc-476a-4466-837c-25b6cd9dd220,13408,13068,340,True,9,1480,1375,105
4cf52695-9505-4ae6-894e-42bf29086ed2,13235,13471,-236,False,8,1673,2158,-485
4cf62967-28d8-408e-9657-ac23dffed9b5,11675,12163,-488,False,2,1339,1731,-392
4cf708a7-0840-4099-939f-360632a41f08,13929,14027,-98,False,3,1671,1294,377
4cffae3b-1b64-41c2-b4b5-3f0ce2a7a66b,11488,13355,-1867,False,2,1188,1716,-528
4d001dd0-d830-441d-9c8f-3323dc6d51bd,15807,12862,2945,True,8,1336,1497,-161
4d0ddf9c-1d23-44ee-a8da-f563395762c8,13228,13604,-376,False,3,1644,1770,-126
4d1f5394-9dab-4c8d-8623-d560b310c608,13456,16660,-3204,False,3,1479,2522,-1043
4d27c745-63c1-4200-af21-8756bff52c52,12045,13457,-1412,False,1,1395,1236,159
4d2d5353-67d5-427f-8dcc-85c86b591361,12836,14056,-1220,False,1,1435,1604,-169
4d601348-99f6-4103-ac6d-5d4ca691a5fa,16748,11222,5526,True,8,3343,917,2426
4d65cbc2-8919-491b-b351-792d484fd410,12766,13395,-629,False,3,1195,1567,-372
4d895e99-9e28-40c8-a188-0b7b414508a0,13351,14107,-756,False,2,1434,2188,-754
4d89afef-fb73-4a25-b6b1-f1665d18f5eb,13471,15167,-1696,False,0,1523,1615,-92
4d8c8602-59d1-4484-90d7-fd43025d8bb1,13602,12104,1498,True,7,1486,1373,113
4d95c5f9-060b-4618-8f59-4e925803649b,12250,11695,555,True,8,1358,1156,202
4d9d4f98-5a56-4fbe-aeae-92b7885566da,12635,13495,-860,False,0,1395,1230,165
4da2f7d6-3d8c-40da-a80c-224f78057f6c,12088,12568,-480,False,4,1330,1205,125
4da893d1-41b2-4551-a22c-d1d86ee84867,13304,12872,432,True,6,1580,1449,131
4db15920-2238-45ff-9b7b-92bead706d90,14391,13567,824,True,6,1601,1235,366
4db596ed-9678-4377-bfab-03d784e051e3,13733,12464,1269,True,7,1348,1580,-232
4db597e5-3532-474a-b278-a711b5899e0c,13127,13649,-522,False,1,1539,1362,177
4dbf0c24-ee12-4fec-af7f-e9ca3bae5aa8,13884,13107,777,True,8,1485,1524,-39
4dbfbf09-54d3-4c98-a612-e1544d90994e,13228,12748,480,True,6,1301,1291,10
4dc58d21-34db-400a-a5c0-6bd652c0cc12,13403,14085,-682,False,1,1474,1478,-4
4dc6e689-3d34-4a51-97be-57ea54f83626,14043,13412,631,True,7,1986,1546,440
4dc77a83-4b0a-468c-8937-43df16928b02,13413,13595,-182,False,6,1470,1769,-299
4dd46217-03f5-4e74-85f4-fffb7801f5a2,14476,13522,954,True,2,1544,1314,230
4ddbeb98-fd00-49cf-9c04-fa673cb3105c,13817,12035,1782,True,7,1305,1277,28
4ddd1f27-43c3-4ddb-bf7e-63382d30cf24,13071,13225,-154,False,2,1431,1210,221
4ddda65b-66cf-46ee-811d-de4cd4034729,12300,12446,-146,False,5,1269,1642,-373
4de0363d-0358-4478-852a-5e2eb77e037c,14044,12801,1243,True,7,2002,1369,633
4df0d863-e2bd-4a9a-85f4-01b6966971f2,14104,12341,1763,True,8,1330,1406,-76
4df9cb99-57e1-4eee-954c-ffad9df05d09,13394,12765,629,True,4,1727,1313,414
4e029cd9-21d9-4cb5-8276-319454d85264,13831,14388,-557,False,2,1406,1629,-223
4e0fd24e-5081-4ac9-9911-2b6dc5c836f4,11545,13543,-1998,False,1,1203,1937,-734
4e134503-6f4e-46fc-a531-d8c2d3f3ed2c,15669,11871,3798,True,8,3024,1254,1770
4e165efb-016a-4618-9342-38ffd7e15dae,13156,14218,-1062,False,2,1349,2434,-1085
4e181e0c-e356-461a-8c2d-124fa3f59bcc,14225,13330,895,True,7,1321,2012,-691
4e1a9eaf-0ad8-4dce-b542-6dcbd717f4d4,12932,13710,-778,False,2,1304,1116,188
4e35be15-2c5b-4738-a1bd-4028dd4177d1,12006,12500,-494,False,6,1189,2241,-1052
4e3c445d-5305-4388-914c-600838d675a1,14090,13460,630,True,6,2298,1138,1160
4e3cf0d5-07b3-4ce4-b21a-7c0941f6f58e,13947,12814,1133,True,8,1397,1372,25
4e3d63bb-30a1-446f-8d94-c72f1d94c80b,14441,14554,-113,False,6,1168,2464,-1296
4e52cdc8-6ab6-4634-a3ca-b7f970699e48,12537,12893,-356,False,1,1530,1395,135
4e5882a6-33b5-401d-a185-a3176bd257c7,11973,12567,-594,False,1,1216,1658,-442
4e6b6fc0-1761-4f57-aa1d-bb575fc4236e,12829,14949,-2120,False,0,1384,2286,-902
4e7d0c03-7420-4161-bbd8-33c6a75d635f,12937,11454,1483,True,6,1736,1372,364
4e7e7c2b-8a23-442c-a430-9fac7e3985fb,13611,12516,1095,True,6,1858,1167,691
4e7f0372-94ec-4724-80fe-81b27e899afd,13571,13589,-18,False,4,2134,1774,360
4e83d3c9-3d7a-4b05-b3cc-8bbef5533a48,14009,13741,268,True,2,1869,1575,294
4e856ea2-49bf-4581-9011-7fc77c9016a0,13552,13561,-9,False,7,1252,1571,-319
4e88f10d-9558-4d91-a343-9ff9acbeec7a,13606,14026,-420,False,4,1496,1298,198
4eb4015b-f2d0-4efa-928d-85d55e8fc793,13942,13552,390,True,1,1927,1274,653
4ec09714-10da-4178-abe2-be2f511c5d98,12281,12954,-673,False,2,1522,1413,109
4ecaf345-8d7f-4a8f-9097-5ac6bf5dd778,11433,11560,-127,False,0,1245,1111,134
4ecb375a-683d-4216-9338-ecdce61b8ca3,12636,13468,-832,False,1,1354,1537,-183
4edf9c11-0489-459d-b5bd-e49ffabab8e6,14998,14430,568,True,6,1497,1591,-94
4ee988f9-ea3a-452a-9d9a-788e0eca86c6,13918,13742,176,True,2,1537,1084,453
4eed386d-4d0c-4364-a6af-1b584af7bb99,12584,13916,-1332,False,3,1199,2105,-906
4eeeb0de-e8d9-45a7-b215-30078c0efef8,14056,13563,493,True,7,1495,1402,93
4ef3b245-9489-479f-b5b6-98390cdb2a88,13187,13013,174,True,3,1547,1374,173
4ef3b7d2-dc65-40f4-86f7-5184e025b3c5,11533,12290,-757,False,4,1519,2002,-483
4ef71ff7-7d16-4d06-a3a8-334f191d83ae,12913,13149,-236,False,5,1468,1300,168
4f0fe603-93ea-4bc3-8c3e-f86878f8dc53,13213,13176,37,True,5,1341,1487,-146
4f2c900a-0351-45b3-a985-7c4f3f2844f8,13206,13821,-615,False,0,1510,1825,-315
4f2d0cab-3961-47b6-9e12-7c01451fd924,14302,14897,-595,False,0,2760,2568,192
4f3409f7-0149-431c-9ace-ba3c7d546ea7,13819,12840,979,True,6,1302,1226,76
4f3c17ca-589c-417e-910b-6a42a0e00796,14017,13891,126,True,8,1343,1686,-343
4f4deaf7-226b-4ce9-86e0-d84281842c5b,13529,13738,-209,False,2,1752,1878,-126
4f68383d-3149-4922-a1c5-d28350c1285c,14372,13196,1176,True,8,1772,1668,104
4f6914a7-9997-4945-8024-1945fd9d7caa,11757,12321,-564,False,2,1155,1642,-487
4f6a4462-7266-4228-af63-e4eac9e18248,13875,13399,476,True,6,1804,2007,-203
4f75cd3a-5374-452e-a565-9200f9a8b1b0,12718,12817,-99,False,0,1407,1397,10
4f79edee-cbbf-4d32-b854-13c0949f87e3,11666,13678,-2012,False,1,1560,1121,439
4f7f14e6-e308-4872-a6e7-56071b6a65fd,12240,14107,-1867,False,0,1360,2445,-1085
4f820293-91cf-4595-a80d-a5e641adf3b1,13143,13313,-170,False,2,1674,1482,192
4f95bb30-d646-456f-9c4f-7d18defc0ba6,14213,12530,1683,True,8,1605,1339,266
4fa0a71d-de35-41be-9d3d-ea59cb59149b,13660,14698,-1038,False,0,1659,1498,161
4fa47217-781b-4e55-89dd-dfd0a503aaf0,11927,12134,-207,False,0,1478,1215,263
4fb93d3a-6b8a-46df-a62f-c0f43018a694,14035,13841,194,True,8,1221,1181,40
4fc6e9b8-557b-41da-8760-eb98f1a458de,15468,13028,2440,True,8,1702,1385,317
4fe46649-77d7-4c94-9aca-165a1ffa2790,12546,12760,-214,False,1,1101,1335,-234
4fe87097-77b6-42db-9b67-d13ce29f2ece,13705,11969,1736,True,4,1812,1220,592
4feb78f8-096f-46c4-8905-0a0a9bc79cb2,14537,13966,571,True,7,1819,1625,194
4fefc343-ea4c-4cec-9942-de2db5ab8f27,13093,12762,331,True,7,1646,1416,230
4ff90c4a-d35d-4880-9ce5-a9c4eeb31d1a,13847,13059,788,True,7,1520,1895,-375
500c218d-0ec1-4ff5-90bd-d5c4666d8bda,13963,12355,1608,True,7,1624,1365,259
500f627d-8043-4c96-b669-d98f122dbbfc,13898,12734,1164,True,8,1776,1153,623
500fb644-e664-4a91-bd02-217736ee05fc,12754,12730,24,True,7,1422,1548,-126
50114c2d-2dab-4e82-8b7d-144ba1df3b3e,12687,13141,-454,False,0,1339,1375,-36
5017b742-5d95-44ac-af63-770d332dd4d4,13607,14493,-886,False,2,1332,1536,-204
501879d5-788d-4dc7-aa87-541b73eff634,12651,13533,-882,False,2,1477,1372,105
5024fdd2-c612-45d8-a529-cb5f6328a424,12529,14083,-1554,False,1,1630,1395,235
5028717b-77f3-40bf-a4fe-e0403d8214ff,13298,12928,370,True,2,2043,1252,791
50298e1b-cb63-4ad7-af37-15cb58ed6c4a,15043,13696,1347,True,7,1419,1530,-111
503333bf-84c4-4c7d-a4b2-e82be1489a5c,13680,12738,942,True,6,1936,1122,814
5035043b-106c-4273-8600-2f8131a1fb18,13195,13720,-525,False,3,1265,1980,-715
504a8155-24d9-4387-9fe1-dd09fcb8af96,11815,11830,-15,False,3,1403,1407,-4
5056bd4e-5f3f-4524-8c80-8e596a74d63f,12681,13668,-987,False,1,1493,1563,-70
5057cc8d-8611-4980-81b7-840a49b0acda,12172,12398,-226,False,7,1472,1331,141
506cd6e3-4dfb-430f-bb8c-7e99ca705fa1,13748,13067,681,True,7,1697,1995,-298
506f95a6-dc35-4257-a6d3-5f705b1bd840,12118,11277,841,True,3,2035,1167,868
5070d771-d04a-4fb2-96a0-835c16105477,13076,12366,710,True,8,1610,1305,305
50717feb-f426-48f8-8fd6-b606a260e3de,12373,12781,-408,False,4,1268,1351,-83
5072124b-477e-4ac2-8df3-e9992fff7f40,12193,12935,-742,False,5,1240,1316,-76
5072a91d-6407-400f-ac88-1453df55befd,12582,12381,201,True,5,1305,1325,-20
50859b81-06a7-4a6e-bb71-8c51b57ddee2,13495,14004,-509,False,2,1272,1353,-81
50aaf7ad-918e-4242-8806-d0db2d9d0a1f,13309,12784,525,True,6,1116,1813,-697
50ac1180-097b-446f-9f71-d85b958305a5,13749,13644,105,True,5,1572,1330,242
50addc09-12ac-42c9-aeab-5dcf93c384fe,12863,13105,-242,False,1,1498,1510,-12
50b0945f-9ab6-4be1-8584-bc21d2b5cb5e,12892,12970,-78,False,2,1500,1540,-40
50bedbba-5c3f-4f39-b01a-2ee29ecf4dfc,13081,13426,-345,False,1,1565,1634,-69
50cfde28-4d75-464d-8995-a31ea9599db7,14140,14032,108,True,5,1382,1689,-307
50ee91ad-175f-4887-a301-a9bc969d948b,12920,13917,-997,False,0,1649,1481,168
50ef4aab-4f3b-43ef-9539-c1a3cb65bb3c,12868,12707,161,True,8,1283,1562,-279
50f40bb5-9520-421f-817b-7e0a1bb3e770,12324,11293,1031,True,6,1369,1124,245
50f884aa-3231-4826-81a7-58db9746d647,12235,12138,97,True,7,1233,1184,49
50f90487-8123-4a31-a7f9-d7ef454ca405,12691,12534,157,True,3,1399,1229,170
510887f7-218c-4526-aa67-047a327f1576,13955,15084,-1129,False,5,1538,1288,250
5116749c-0796-478d-aa33-b73d44bcf0d3,14866,13231,1635,True,7,1672,1389,283
51233b9c-c5fb-4ee7-a510-216553758d89,13067,13289,-222,False,1,1478,1316,162
51348ca0-dcbf-4457-b3ee-d3498107f869,13048,13296,-248,False,1,1390,1812,-422
51499230-bf95-477a-96f8-5f6548521ba3,13172,13682,-510,False,2,1222,1304,-82
51545a3d-2673-4298-9ecd-1778a8c49791,12998,13568,-570,False,4,1171,1719,-548
5160cce6-38fd-4328-830d-849bcdd2854d,14094,12755,1339,True,8,1597,1456,141
516c7409-e02a-4149-a4de-380aaf7ddc92,13268,14190,-922,False,2,1340,1957,-617
51714eb5-0aac-4a0c-be9d-2d748576c9e1,12600,14369,-1769,False,2,1426,1620,-194
5176f85d-9ffe-43c0-960f-e921d97ac08b,12321,13735,-1414,False,0,1413,1487,-74
51815151-f6e6-4e89-bb2a-cd9cad68c6b5,13187,12414,773,True,7,1199,1353,-154
519593d1-07f4-44dd-8548-282b8146af2c,14320,13464,856,True,3,2781,1498,1283
519c25b1-e7c9-46d0-b5c3-26378d4f4841,12637,13749,-1112,False,3,1296,1452,-156
519c8b10-ede2-4ce4-beaa-7bf1e88fa7b1,12694,13980,-1286,False,1,1490,1437,53
51a48d05-12fb-4581-98e5-c7086f6475f4,13311,13087,224,True,2,1499,1540,-41
51ad18ba-2573-4ebd-a064-f442a9d7afd3,12983,14430,-1447,False,4,1416,1590,-174
51b34e2e-34d3-4d53-88f2-a5d3da48084f,15085,14652,433,True,8,1564,1415,149
51b54828-6311-45f1-8893-30cc7179c5b1,13275,14307,-1032,False,5,1558,1672,-114
51c04264-6cf5-40c8-a938-56a3ad26e0d4,12673,13774,-1101,False,1,1509,1680,-171
51ccfde8-96bc-48be-a79b-561c3b6fa91b,12744,13265,-521,False,0,1500,1486,14
51d5d0db-74ea-4b7a-83b1-f172739a4e96,12944,10540,2404,True,8,1601,1123,478
51db5278-35e1-4aa5-89e0-fbbb301309a4,13229,13399,-170,False,0,1591,1370,221
51dd2e55-b508-4676-ab38-dcc4232f04b1,12712,12861,-149,False,3,1420,1277,143
51ec51be-3c9b-4f5b-80d7-c14b35fc2c76,13625,14738,-1113,False,0,1462,1687,-225
51fd122f-15a9-4b6a-b2f5-d64d840813e9,11871,13109,-1238,False,3,1202,1541,-339
52034137-3f8d-4d40-9946-02de39cc4522,14409,12668,1741,True,5,1824,1461,363
521040f2-40c4-4386-9b5a-62751dea62e6,14548,13435,1113,True,3,1616,1263,353
5211eee7-b942-4e9e-b449-e930704c6697,14477,14244,233,True,2,2751,1477,1274
5218d057-c6e9-4cdb-90a0-4fb2c552f32f,12084,13674,-1590,False,0,1602,1505,97
522c30f1-23cc-4e3c-8d13-e07438321f6d,12720,13273,-553,False,1,1280,1625,-345
522d7f39-6db6-4ad1-8592-e4d016e260cb,12948,15216,-2268,False,5,1248,3393,-2145
52372192-b255-4eef-98f7-977cd8dc13a6,12566,14733,-2167,False,0,1323,1233,90
523817b2-16f9-4fdf-a580-ce4e206e77c5,13282,13715,-433,False,7,1515,1982,-467
523e9c73-df39-4cee-a136-f7e10e363af9,12334,13651,-1317,False,0,1494,1558,-64
524ddde8-bde5-477c-ad6a-a720455bb9b8,13484,13038,446,True,4,1817,1551,266
52543ab6-7718-4b2f-b187-3c63ad7b6e40,12077,13735,-1658,False,2,1257,2239,-982
525b1441-2a72-45c6-87e3-5d7eec434b76,12628,12750,-122,False,2,1461,1249,212
525cae9b-fbc1-4ad7-b0f5-f616a98be3de,13188,15013,-1825,False,3,1466,2119,-653
525cc352-bd84-4b54-a349-a746f6541a41,13367,12756,611,True,8,1544,1768,-224
52616fe0-65e0-4639-911d-c91783c7969b,13618,12793,825,True,5,1410,1398,12
526a5115-4cad-40e6-b0c7-a224b8f1951b,13027,12600,427,True,4,1779,1509,270
527df421-ec1a-4638-8ff3-852f32ada1e5,13301,11781,1520,True,8,1513,1414,99
527f9fdb-47bc-45f1-8ac0-f2c59264ade2,13871,12656,1215,True,7,1654,1565,89
52815f02-3b57-4eaa-9e90-008f82eba6ef,12837,12726,111,True,6,1559,1314,245
5285d630-0821-4c41-9880-e3ee8d023ad9,15753,12868,2885,True,8,1634,1592,42
52896a9b-a742-4401-a4be-72cf8546e313,12730,14035,-1305,False,0,1489,1448,41
52a47a5a-12ec-453c-9459-ad35e52037ce,14797,15344,-547,False,6,1474,1394,80
52c6fbc7-21e4-46f6-9ce2-5c46dcce8b87,13116,13058,58,True,8,1320,1416,-96
52cb5ea7-884a-451e-b180-e728a2017a93,12826,13735,-909,False,0,1591,1600,-9
52cd79da-c49b-43f4-b3c8-be225508afec,13586,12682,904,True,7,1681,1527,154
52d549ed-b2f2-4de2-872b-f30c13efff70,13997,11974,2023,True,8,1362,1394,-32
52dca351-cfbe-45e1-b7f5-e88356bea785,13301,12910,391,True,4,2006,1670,336
52f52ad1-4d53-437d-820d-671b57cfd5dd,13336,11647,1689,True,7,1528,1208,320
5305cf34-aff7-412c-9f4a-ce0418bf1a47,12498,13877,-1379,False,4,1311,1505,-194
53078de5-5aa0-4ee3-940d-8381373157b2,11764,11838,-74,False,3,1443,1402,41
53244da0-6f4d-4a9f-9c6f-bb72c9fd8e67,12898,11267,1631,True,7,2236,1175,1061
532ce19c-080b-44a0-8c21-a3a2fc783fdf,13186,13179,7,True,3,1636,1383,253
5331991f-3313-48c2-ab03-7813adea809c,13618,12832,786,True,9,1660,1313,347
533c8eef-b74f-4e8c-b00a-c8f6cdee382f,12564,12150,414,True,6,1223,1374,-151
534db5ee-b420-4e4b-936d-e6e6bc4c8b08,12359,10643,1716,True,7,1409,1148,261
53582225-7e2a-407b-8b65-de8b3738d438,14818,12610,2208,True,8,1891,1217,674
53593ae0-196d-4d04-970e-08c402dd1360,13466,14234,-768,False,1,1536,1541,-5
53598c73-300a-49aa-ac20-b7100993684c,13817,12456,1361,True,7,1679,2115,-436
535d6e39-2179-48eb-947e-ce9905a9d23c,13453,12716,737,True,8,1446,1267,179
535ef0eb-8cf3-457d-8241-7a0ac4c65176,12888,14333,-1445,False,3,1627,1613,14
5369718d-6967-4355-8183-9b430ebab93e,13227,12283,944,True,7,1610,1389,221
536d9731-8454-4767-b42a-9c1d43cd6797,12847,12811,36,True,3,1368,1503,-135
538231cb-b725-4794-b4dc-105c4dfab861,13464,13191,273,True,6,1672,1406,266
53982e2e-b270-46a3-ab4c-13dde1e66cd9,12983,13441,-458,False,1,1780,1726,54
5399278c-0dff-4b22-93cf-2ed67e90b8d7,13548,12723,825,True,8,1359,1368,-9
539c7072-a10f-471c-91bb-e1072d266d2d,15328,15393,-65,False,7,1438,2011,-573
539f6975-88f2-40ea-8d22-4b500370e971,12794,15678,-2884,False,2,1177,2961,-1784
53a0d911-d003-4e04-adc1-81322aa419da,12057,12367,-310,False,0,1349,1026,323
53a5673c-0d7f-430d-a6e5-c75eacbdca8d,12511,14152,-1641,False,1,1333,1744,-411
53a96061-57eb-48ff-b64f-ce3aee6c5bfe,12798,12861,-63,False,1,1428,1398,30
53ab273e-e321-44ec-857d-abf1c5a79a36,11818,11207,611,True,8,1426,1025,401
53aee1a1-97cf-41a8-88d2-479f18bc1375,13223,12427,796,True,5,1881,1399,482
53b4a30b-8ab6-4ff3-b53b-b3e43fa29547,13343,13509,-166,False,5,1602,1643,-41
53bc3e40-3fe0-4151-93ff-a18005fb5682,13658,11293,2365,True,8,1788,1210,578
53cdb5b3-c863-4f21-bfe2-46985c66f224,11900,11892,8,True,2,1370,1235,135
53cf72f9-872c-4c2d-b11c-5f1e2794fd43,13550,12176,1374,True,8,1240,1509,-269
53d48263-f3c5-47cf-83ab-1ea05f197836,12567,13303,-736,False,3,1076,1530,-454
53d92262-3056-40b2-86f2-cc6066d508f6,13468,11903,1565,True,8,1671,1293,378
53f23374-c3e4-4fab-885f-ffcc2d988445,13943,14046,-103,False,2,1603,1231,372
53f84da0-0245-4789-9371-8b1339b95af8,14003,13149,854,True,6,1418,1437,-19
54017db5-23fd-43b4-a5b2-4c2840b38051,14106,13346,760,True,2,1800,1338,462
5404b8f9-183f-4fed-b029-25299ce0be0b,13685,13185,500,True,6,1867,1414,453
540598d8-ad88-4622-8851-41559966d2b1,12750,12606,144,True,6,1480,1216,264
5413fab2-ff38-447c-bb80-59761c5ba9ba,13284,12548,736,True,7,1695,1387,308
541b822d-c26c-4c33-b020-b9100328934e,13354,12672,682,True,7,1482,1264,218
54285955-6f97-4193-bb2a-da1acbcd5cef,13349,13323,26,True,8,1164,1616,-452
542e70d9-b0cc-4f3f-bfad-f793ad6c265a,12449,15034,-2585,False,1,1132,2352,-1220
542f12d8-402c-4359-8006-f334f788d2fb,14001,12849,1152,True,8,1287,1770,-483
5438bec1-7314-4d49-82cf-e86ad95a9d6b,13743,14777,-1034,False,5,1498,1824,-326
543cf798-1c60-4dd3-904d-0bcc46f11747,13840,13121,719,True,7,1669,1696,-27
543f5855-f378-4b80-809d-b1459aac8a3e,13737,10521,3216,True,7,1539,1069,470
54403742-f69a-4c05-949c-69ca2c1ef55b,13721,13241,480,True,8,1560,1774,-214
54591242-52fc-490b-be72-0693903a9fe1,14359,11785,2574,True,6,2277,1017,1260
54670ef4-ff5e-4170-9377-53dedb38b50f,13335,12912,423,True,6,1490,1602,-112
54698182-da71-43bb-946f-334f76e6bfe8,12698,13417,-719,False,2,1494,1810,-316
546f8955-d7e7-4d8b-8dfd-7afe5df0213f,11474,12178,-704,False,3,1418,1410,8
54720b3b-8ee9-48b6-9d61-690aa680b0b4,13633,12583,1050,True,6,1586,1330,256
54729dbb-aed3-4975-b989-0271e40138eb,13778,12375,1403,True,6,1500,1332,168
54765e3a-bc63-4d0e-a76d-27acc1ad4923,13874,12957,917,True,4,1728,1032,696
54788249-f2ad-4d90-bbed-e3e0471677ab,15374,13996,1378,True,8,2408,2026,382
5483df59-8402-4c46-9221-5628fdcce51e,13435,12877,558,True,8,1832,1401,431
5493de1b-c97d-4859-8c0a-24a816fcc155,13506,12859,647,True,7,1272,1559,-287
54943234-3377-4060-a95f-f69a342b8cef,12480,13863,-1383,False,1,1571,1539,32
54957a3f-db00-4722-84cb-3cd3ca662f9c,14572,12823,1749,True,7,2022,1795,227
5495fba6-e45f-49e0-ba7e-e8d4d3157f15,13470,13613,-143,False,1,2032,1690,342
54a6739f-7b1a-4e88-9086-368fb50b9455,13340,15938,-2598,False,0,1656,2509,-853
54a92673-fbcb-4441-897d-049cc0402018,13599,12529,1070,True,9,1538,1172,366
54b0ee73-49be-4b23-8dd3-9255fdfd7beb,13508,13245,263,True,6,2022,1894,128
54cb02b2-e7a0-43bd-834f-33bec0cd215c,13736,12963,773,True,8,1686,1596,90
54d5146f-86e6-4bc5-827a-0d098e8f0b9e,12962,11564,1398,True,8,1450,1211,239
54ebffb9-10b4-4bce-a51c-f0c6ad4c1d81,13631,13139,492,True,3,2084,1315,769
54f8fa7e-ac60-421b-880c-2b6ff5d12779,12781,13063,-282,False,8,1477,1906,-429
54fbed5e-33f8-4f16-92d7-7f00e8dda7ba,12115,12577,-462,False,1,1177,1509,-332
55015ee6-8fea-4a83-8ba6-b433ec301392,14167,12110,2057,True,7,2361,1037,1324
5508413d-1ff7-42e8-a4a2-ce2592ce9fc3,12636,12652,-16,False,2,1644,1508,136
551de07c-0e11-4f64-925f-36a553fa555b,14126,11591,2535,True,8,2109,1111,998
55292e3d-73cd-4235-9062-d2d1987e9c99,13169,14698,-1529,False,2,1557,2344,-787
552b89d7-dd0d-41ed-9159-cf57472d60fc,14299,13397,902,True,4,1612,1784,-172
552b9250-1543-4f4e-abfd-7af4782655fd,12397,12867,-470,False,6,965,1803,-838
5542194a-9ae1-4e77-afc6-75bc1cd94d7f,13193,13411,-218,False,2,1910,1347,563
5553a325-9d0e-47b6-b377-012469127b5c,12699,14122,-1423,False,0,1176,1240,-64
555efb90-864a-4b65-92f0-990783a3505d,14827,12622,2205,True,7,2231,1398,833
5560368f-7e29-4eb3-969b-9dde6999537c,13440,13227,213,True,5,1653,1432,221
5575162b-044d-433d-b138-c83a84e3487d,12987,13860,-873,False,2,1244,1851,-607
5576b455-c4db-4081-a247-238512537814,14697,14431,266,True,3,2300,1451,849
557e9816-efb4-4cc3-98a7-a9d628600a14,11393,13430,-2037,False,0,924,2223,-1299
55885a46-8012-40fe-8695-cdf51f412389,13572,12628,944,True,7,1503,1268,235
559d88d0-6773-4ab4-8c13-082821d92a7c,12240,13959,-1719,False,2,1259,1930,-671
55a7c40c-59d9-49b0-a39b-15fc63cb2b34,12651,13154,-503,False,0,1502,1854,-352
55aef3ca-c752-4148-b602-211c823f78e3,12307,13949,-1642,False,0,1320,1863,-543
55b430c1-f265-42cd-b401-3a39ffe94268,14752,12605,2147,True,7,1383,1390,-7
55c2792f-752c-4445-8f74-80daeb82cf39,12969,14096,-1127,False,1,2225,2090,135
55c2c4e3-3468-421b-8491-dc38930e1d83,13651,12147,1504,True,7,1974,1038,936
55e05cc7-6e39-4d5a-977d-34d763d1a098,14020,12876,1144,True,9,1830,1901,-71
55e550c5-2580-4d04-bdf7-8ccd55136c8c,14385,12646,1739,True,8,1510,1664,-154
55ea504f-bb3f-40de-b699-ee663653864a,12608,12972,-364,False,5,1249,1227,22
55f12abd-398b-4ae1-8ad4-1a7b1cc1afc4,13857,13225,632,True,4,1392,1324,68
55f5aa54-756b-4054-bb85-eea3698c2455,12144,12932,-788,False,2,1337,1755,-418
560d1f3e-b0f4-4a01-9560-fbf1cfd87ee2,12190,13018,-828,False,5,1298,1360,-62
560d786a-c1ca-4470-8dfb-9dc42328565e,13100,12428,672,True,5,1552,1604,-52
560e8fd0-5a8f-461a-8011-8993f2f6767c,13710,14335,-625,False,6,1399,2299,-900
56153257-86b5-40ce-8ef1-7976430f6232,13854,13384,470,True,3,1330,1400,-70
56172a19-d383-4c75-8041-b15cfe6a8593,12115,11791,324,True,8,2079,1875,204
562b1367-176e-4343-b160-5aee59ba314a,12978,13363,-385,False,5,1203,1880,-677
56348339-2a63-4a84-b23c-9370729321b6,13534,12743,791,True,7,1149,1395,-246
563a60bf-2d96-4e08-99ee-787dba3fbc84,13275,13363,-88,False,5,1445,1649,-204
563aa9cc-9805-4626-b44f-8eda73c1a09f,12881,12728,153,True,8,1337,1516,-179
56564b4d-fb14-4fb5-a3f6-bccfc01f293d,13691,13318,373,True,3,2121,1712,409
565e45ed-f5f5-49fa-a38b-2781517463aa,13494,13422,72,True,4,1389,1605,-216
56622f00-48f7-4103-bdb5-f9e1103305fb,13845,12443,1402,True,8,1641,1246,395
56708776-1852-44ce-bfa7-2b8b275ec303,10954,11270,-316,False,0,1043,1116,-73
5675473e-6bcb-413d-b04a-64279c753c86,13774,13007,767,True,7,1777,1404,373
56765f6a-9598-4843-b4c1-9005f8f06df9,12283,12613,-330,False,1,1481,1544,-63
56789310-975f-4c4f-8a2d-09985d7a8b25,13649,12217,1432,True,6,2024,1339,685
5679b759-098d-4b00-8acb-6e4bee026b18,13924,12092,1832,True,8,1507,1328,179
568652e9-d7ce-4d86-bbd9-af554e98f968,13148,14065,-917,False,0,1591,1877,-286
568ed5c7-2db9-430b-be2d-bcb7a281b77d,13814,12996,818,True,6,2176,1207,969
5692236e-170c-4f74-beae-b3e4a576d3d8,10996,12500,-1504,False,1,1237,1490,-253
5694315d-2f9f-400c-b86b-305c3a5a3435,13757,13470,287,True,8,1343,1583,-240
569e8b64-9a03-44f7-80f2-33038cb117a9,12912,13659,-747,False,2,1430,1541,-111
56bf5374-1a0d-43fb-a91c-2e25ab715e94,15521,12582,2939,True,8,1717,1636,81
56c0674b-59fc-4372-b14f-7ce8f245514b,13692,12579,1113,True,5,1880,1345,535
56d32059-d3b9-4eb3-86c6-d4b1a17cd361,13251,13326,-75,False,2,1718,1363,355
56d70475-9bd1-4fd0-8aa0-d6612c000a8b,13359,13070,289,True,7,1582,928,654
56dd7de6-8931-4655-9715-1d297d63e226,11338,11639,-301,False,1,1507,1279,228
56e4e184-7ab2-4fad-a8dd-abdf522a3cfa,14717,13839,878,True,6,1428,1625,-197
56e57fdd-c4e3-4938-ba2b-a3f552d349bb,13593,12758,835,True,6,1735,1373,362
56ec9c89-3649-4782-a62f-d27263a8a664,13068,12827,241,True,8,1196,1294,-98
56f054ba-8b4e-4574-bec1-04ff63bc0a85,12648,12273,375,True,7,1027,1505,-478
56f8edc1-995e-40ef-913c-ac90835d4869,14248,12586,1662,True,8,2263,1568,695
56faf1f2-80f5-4bda-a4cd-a5f57374f90c,13088,13383,-295,False,2,1727,1263,464
570a7c80-cf29-44cd-a893-ee7e050f94ea,14654,13509,1145,True,9,1662,1498,164
5712da1d-994f-4f27-bc94-1abd7239c8ef,11735,13920,-2185,False,0,1996,1090,906
5715607b-a408-47fe-bc2a-acd7ec077fc5,14089,13576,513,True,9,1449,1420,29
5718e55a-8f73-4e1e-8f4c-2ef5efe17800,12282,13400,-1118,False,0,1501,1881,-380
57344a15-27ab-49fb-93a3-146b75e44970,12967,13738,-771,False,1,1784,2120,-336
573ba02e-c637-46e5-a21f-6e109db8ced0,13479,13123,356,True,7,1517,1359,158
5748953d-1056-40d8-b40d-b634f42e239b,15119,14432,687,True,4,1503,1278,225
574bfe64-be5c-4e90-91eb-b15960fce7aa,12905,12648,257,True,3,1581,1506,75
574d1717-02f4-49bb-8a01-2d98f876510a,12160,12483,-323,False,4,1446,1333,113
575415bb-c705-4864-82af-c2af337a7a2c,12610,11850,760,True,7,1125,1751,-626
575fbeaf-5637-4187-ab90-fec2132b35d9,12114,13913,-1799,False,1,1412,1299,113
5765b83b-fc3f-4721-90c3-1c55eea5d40b,13764,12845,919,True,5,1357,1343,14
5774a8b8-bc5f-41a1-8bfd-9abecfef9099,11882,12152,-270,False,5,1361,1349,12
577b335a-3dcb-4829-a146-8e814a9f2943,13388,12715,673,True,6,1575,1659,-84
577c3c27-1fdf-4bfb-b8de-6c9fcb801fea,13930,12329,1601,True,7,1456,1486,-30
577ca7c5-ed77-42b7-a9c2-4a7a05cafb26,13658,12940,718,True,6,2146,1496,650
57841d3f-019c-42a1-94e5-6bdd01595ce6,13889,12765,1124,True,8,1457,1200,257
578a6625-d374-49a3-bdc7-2bf473b1428d,14122,13583,539,True,6,1561,1402,159
578e42b4-6401-496a-bec9-ee9fedad0195,13470,13462,8,True,4,1704,1615,89
5794116d-d388-473d-9378-4cf4059dbfbf,12569,12494,75,True,6,1421,1496,-75
57aaa63e-7d96-4924-a65c-82afc5564f16,13201,13155,46,True,2,1560,1279,281
57b0c8c7-c0a2-45ca-9481-71ea14698724,13657,12901,756,True,8,1626,1481,145
57d65120-0419-405c-a150-03826c7bc688,14610,12545,2065,True,8,1357,1438,-81
57df695a-63c4-4e9e-9fb6-3b4560346f1a,13237,12943,294,True,1,1930,1419,511
57e3beb0-77e8-4476-a8dc-23cb31d48282,12277,13526,-1249,False,0,1265,1653,-388
57ec0fca-8fd5-423b-9713-08f2a6554ecc,14562,13222,1340,True,3,2729,1702,1027
57f58393-e236-4d9b-914d-032538533c7a,11607,11435,172,True,8,1550,1552,-2
57f9f174-d658-4b81-9deb-eebfe5cedb6a,12903,12025,878,True,6,1714,1306,408
5802d014-a7ea-40ab-9d30-8e7b6c01912e,11666,12829,-1163,False,4,954,1297,-343
580ed663-768a-4ed4-b0d5-cb56623904ea,13242,11750,1492,True,4,1522,1311,211
5815cf87-38bb-4617-aaa9-445537a73fe2,12694,12700,-6,False,3,1454,1499,-45
581d02e5-835d-4aa4-8ada-6c9825917799,13998,12340,1658,True,9,1399,1065,334
581e99a0-6175-451a-afc9-5693dfe1a5b5,12585,13087,-502,False,0,1326,1455,-129
5826ad03-6fd3-4a35-a556-53f2732a26b4,13963,13562,401,True,4,1953,1734,219
58287926-f430-422d-9c56-6c11f719d27a,13885,11987,1898,True,7,1163,1300,-137
5838e3c8-94c2-4a88-9dda-d9c317807df3,12267,13192,-925,False,0,1279,1420,-141
584124b2-3a20-4b04-bf8e-e4cc7cd2ece1,12447,13746,-1299,False,0,1570,1725,-155
58464237-d0e0-4ae1-bbbb-27fbecec6dda,12951,14492,-1541,False,0,1552,1443,109
5848f865-181e-486a-bf0d-d813ebf32e0d,14265,14496,-231,False,2,1370,1766,-396
584a651c-5ff4-445c-9b82-b0e7ce7959a6,13205,14583,-1378,False,1,1200,2639,-1439
584df7d4-368d-454b-8e02-18c8cdaace8c,13113,13081,32,True,1,1209,1023,186
585bdedb-5380-40de-9c08-40afce22bd40,13184,12172,1012,True,8,1581,1038,543
58625bac-746d-4de0-9c0f-0dddf6906f12,11008,12598,-1590,False,0,1102,2058,-956
5875c280-8e6d-4ac0-940c-fedf62bff29f,12117,15185,-3068,False,0,1169,2012,-843
58872589-79c5-4793-89ce-59ab697240fd,11814,12838,-1024,False,1,1418,1466,-48
58889156-50af-49c6-852c-fe6d8232e9c5,13911,13951,-40,False,1,1455,1527,-72
5888b885-be80-4a53-aed1-586061d9e73c,13597,14412,-815,False,0,1588,1043,545
588c8ca9-711c-4bf5-85aa-fd0890af5aab,13882,13680,202,True,5,1720,1702,18
58921b0a-cff3-43bb-a745-2e52ee9c2bb9,14611,12719,1892,True,9,1652,1345,307
58955418-30b0-489c-b121-d504806ae5dd,13389,13730,-341,False,1,1672,1573,99
5897715a-ea72-4929-8a80-657b34f873ed,13182,12750,432,True,6,1623,1435,188
58995371-5b49-48a2-953a-9aee7d654992,13607,12969,638,True,6,1390,1097,293
589e9079-6711-4cc6-bc72-632cb94082f3,12734,13341,-607,False,3,1434,1206,228
58a38df1-4398-406f-ad63-9c3655544c04,13462,13865,-403,False,0,1748,1547,201
58aa728d-5d12-454f-9c4b-ca5e8ac7e4c9,14151,12834,1317,True,8,1665,1262,403
58af9305-2ce5-48fa-9787-c617eb988cf8,12409,12891,-482,False,0,1547,1265,282
58b6a3fb-6abd-43f1-bffe-78e1f69cd92a,11892,12421,-529,False,1,1413,1128,285
58bc57f4-9353-414b-86e5-2f098f6fa59f,14105,13904,201,True,3,1678,1543,135
58c00756-2c1e-4dc5-ad86-0226f2925674,15045,14355,690,True,5,1390,1468,-78
58c3119b-ee2d-4c80-8c62-100eddecb2fb,14295,13506,789,True,5,1506,1297,209
58c7295f-82a1-426a-b042-210ee0f0287f,14061,12946,1115,True,8,1436,1637,-201
58d29fb1-a4fd-43aa-b7ae-8e19d674aef1,13528,13329,199,True,8,1391,1532,-141
58d65cf4-bb2e-4b85-8b6b-49cf40179808,12478,14213,-1735,False,1,1381,1614,-233
58d87059-aa1b-4dcb-ada4-76063bc353c1,12884,12713,171,True,8,1344,1551,-207
58dae71f-ef1f-4e26-8305-54f5c5192c44,12934,13324,-390,False,1,1832,1446,386
58dceec1-5cd2-4f8a-a583-c95efcd006e6,13554,12987,567,True,7,1994,1778,216
58e0d1cf-50bf-4559-987a-e428c0cbd750,10577,11299,-722,False,0,1097,1306,-209
58f8f6e7-ac82-4074-86a0-bcf14f5867db,14268,12300,1968,True,7,1980,1237,743
5910787c-5bb2-49bf-ace7-247be6b8e976,11650,12993,-1343,False,1,1405,1335,70
5910d3af-78c9-4433-8815-6011281acddf,12882,12767,115,True,5,1255,1094,161
591832c1-d562-432d-a278-cea88558865d,12658,13329,-671,False,2,1328,1656,-328
5919feed-3c69-4575-9fbd-6cd64e0790ab,13988,13562,426,True,2,1389,1276,113
5938a04a-5dba-4870-a14a-c5bae76d9abb,13463,12588,875,True,8,1649,1417,232
593f4831-d3e4-47ed-a093-1ff47e69aaa7,13565,13325,240,True,5,1446,1426,20
5943710e-4fbc-4bf1-8c5c-c87c8a9896a3,12386,13877,-1491,False,1,1297,1541,-244
5943c1ba-82ba-4f9d-9a43-06e1301a7a44,11254,11326,-72,False,6,1339,1433,-94
59495fec-f6d2-4bbf-930c-23092c3393ab,13299,13276,23,True,2,1833,1240,593
59593b26-ed4c-43bb-adc8-ba9f859c7d35,12167,12947,-780,False,1,1092,1296,-204
595b7e21-3501-4dfd-afe3-73f5b834a14b,12771,12932,-161,False,1,1707,1400,307
595cf840-f045-41f4-80a5-d0b3168d4a82,13302,13831,-529,False,2,1615,1424,191
595db666-9811-41ec-8dd0-cca92631c176,13429,13136,293,True,5,1659,1359,300
595e9eca-b7c2-4d12-80f3-a0e841d88c52,12855,12387,468,True,3,986,812,174
596530bc-859b-4038-a4f2-b7a86be4827d,13711,13466,245,True,7,1384,1837,-453
59661405-d82a-494e-a96b-0b6a6ce3cb33,12402,11997,405,True,6,1423,1217,206
596f5d2e-ac4a-43c1-a43c-589059fb009b,12064,12618,-554,False,0,1408,1330,78
5971cc20-458e-45b7-97d7-85675cd6fce9,13016,13806,-790,False,1,1747,1376,371
59881ab3-98ef-453a-b93b-651cff6c705b,11881,12982,-1101,False,1,1259,1805,-546
5989ac22-a078-478b-8ca3-182476b49c3e,12085,12640,-555,False,6,1090,2203,-1113
598be232-768d-49ce-87a7-c6b59911817a,13481,13436,45,True,7,1693,1417,276
598d6563-b1c5-41d7-a26c-b9d72bb268e9,12425,14628,-2203,False,0,1382,2599,-1217
59a66e87-5fd7-4736-aabf-a30831de3e8c,12078,11986,92,True,3,1899,1489,410
59a6d0b1-b7ac-4560-ab74-bc6345017146,12438,13828,-1390,False,1,1481,1484,-3
59af6d55-82c6-49a0-9c2e-0888c53eecb0,12609,13256,-647,False,2,1437,1246,191
59b096af-507a-4717-a25d-6f530f365b9a,12745,11820,925,True,7,1481,1507,-26
59b9b52d-868d-45ea-943e-d75db3b04229,11532,11359,173,True,4,1256,1218,38
59bd1798-7f44-4669-98e2-6a9d32a8d42d,13057,13279,-222,False,5,1589,1314,275
59bf780a-6315-440a-8421-3e868e9d56cb,14358,13832,526,True,5,1412,1229,183
59c239ad-1b48-4c23-b190-69cf87ba4dfe,11100,11697,-597,False,0,1299,1435,-136
59dc1ae8-03d8-43b2-b386-25248f76e760,13122,13018,104,True,3,1570,1214,356
59dc6cca-e320-4841-8af1-e03ea6aba4e3,12756,13952,-1196,False,3,1927,1443,484
59dc8da7-111e-4d7b-b790-bbe3c88df229,12460,13315,-855,False,1,1531,1309,222
59e3581a-2a88-48e3-bed2-b10612912ac5,14118,14476,-358,False,2,1386,1639,-253
59f17e00-156f-4a02-8047-2f8779cd0f7a,13054,13806,-752,False,1,1651,1766,-115
59f8c9bd-233b-45bd-b56b-c1d82b27417b,12165,12017,148,True,7,1406,1541,-135
5a0a9529-9851-4aa7-a331-31d9dad544a9,11416,12892,-1476,False,1,1485,1515,-30
5a0b07eb-a54d-4dde-bf95-3e71e03e8596,12996,11719,1277,True,8,1398,1150,248
5a144cac-6e94-41a4-aee0-0d3d94101bef,13074,12549,525,True,5,1717,1423,294
5a149d02-e083-4f76-9c60-daa38443d377,13442,14121,-679,False,0,1767,1380,387
5a15206a-9481-405b-b9ab-f0bb40f7598c,11963,13913,-1950,False,0,1291,1195,96
5a1578f1-4950-4124-b8d3-2d21893c2a71,12536,13103,-567,False,4,1486,1493,-7
5a159e52-4e87-4cda-ada9-0c4932c7722d,12436,11808,628,True,7,1293,1162,131
5a1bda6b-f01f-4771-a95a-3dd35f68465a,13685,12874,811,True,4,1306,1439,-133
5a1cf411-306a-40e0-bd82-04ee27bc5d85,14453,13246,1207,True,9,1697,1461,236
5a22dd12-54f5-4e71-bb35-9127856517d3,14912,12670,2242,True,7,2142,1713,429
5a2d4f14-a512-44bf-9cfd-29d3d3af88de,12784,12865,-81,False,2,1402,1748,-346
5a2db4bf-2f86-45a4-bb9b-956f41818feb,14947,11890,3057,True,8,2366,1276,1090
5a3bbb80-9da1-4fd3-a6e0-628cea867cfb,13812,13926,-114,False,6,1593,1435,158
5a4694e1-f4b5-40db-a5a3-b70085106800,13003,13186,-183,False,5,1602,1261,341
5a4e5d73-1fbc-4da4-97f1-4fcfefa0a5dd,13124,12347,777,True,8,1521,1422,99
5a5d41e8-a16a-455e-90af-0f34fa7cec1b,12431,11888,543,True,7,1438,1256,182
5a62e1a9-6a7b-442c-8137-84a6d794ab92,14257,13475,782,True,7,1719,1379,340
5a8ffa8b-9947-44f5-9d2e-07acc94a7e5a,12222,12003,219,True,5,1336,1156,180
5a9a8fe2-02c4-435c-8a36-a8318c49582f,14370,12813,1557,True,7,1661,1280,381
5aa3ecf5-723d-4444-a97c-e701ffdfc64d,13765,15065,-1300,False,0,2136,2316,-180
5ab17bd1-4322-4710-a0e3-a8ef30c32dd2,14139,13103,1036,True,6,1553,1113,440
5abb4b2e-f523-40a4-a3d9-e3d508452177,12337,13720,-1383,False,0,1330,1658,-328
5abe9a00-2909-45b9-9c6d-c2a7ef242752,14417,12444,1973,True,8,2273,1655,618
5abefe89-d626-4cf0-be72-d07e7d960c7b,12876,13422,-546,False,3,1083,1350,-267
5ac5ecfa-911a-4841-9166-e664e9872eb9,12435,13220,-785,False,2,957,1744,-787
5acb08b9-e3ee-4680-a93e-161bd062a3a2,12786,13289,-503,False,2,1233,1361,-128
5adf4267-4d7f-4795-a78f-195f5f3e86d9,12805,13067,-262,False,4,1430,1554,-124
5affa6e0-36a1-4ab3-8322-6ebb3b6abd74,13167,13811,-644,False,2,1717,1489,228
5b000c90-cf0e-4416-a0c4-1722c0b83c9c,14130,14199,-69,False,5,1399,1875,-476
5b00dd8b-2b8b-4261-ae93-6dde7fbab725,13282,13143,139,True,8,1782,1340,442
5b01de38-202e-44d3-bda2-ca14295d5d86,12582,13301,-719,False,2,1353,1637,-284
5b01e45a-04c4-4eb0-82a1-f4d03a38419b,11996,11755,241,True,7,1506,1475,31
5b03f2ea-93bc-4afd-855a-75398eb1a7d1,12989,13535,-546,False,1,1556,1381,175
5b17858d-1628-450c-bd0b-5afb9fcc0e37,12589,13732,-1143,False,2,1390,1536,-146
5b185281-37f1-47a3-993f-61e514221fdd,14006,12675,1331,True,8,1586,1430,156
5b1e80fd-855f-4703-91bc-a06c40d03b8e,12716,11985,731,True,6,1300,1398,-98
5b2991c8-f149-44ea-b3d7-c4e7a922ac5a,12316,12558,-242,False,5,1334,1140,194
5b2b8217-d88f-475f-9815-a77d890eeba9,13264,12665,599,True,7,1539,1378,161
5b2dc7ee-c3a4-4dd7-8298-a0de89bde1ac,14540,13024,1516,True,8,1467,1433,34
5b361a84-3b16-4506-ae94-33d87349db1c,12548,12927,-379,False,3,1493,1499,-6
5b369012-9e1e-4396-b16a-f2b9d6dd7184,14134,13304,830,True,9,1972,2166,-194
5b6c1642-a4c5-4ec5-82d9-b67a9b40f089,15752,13095,2657,True,6,2425,1286,1139
5b7241c8-8c3c-4031-8ca0-c4032d99e0b5,14513,12271,2242,True,8,2053,1828,225
5b730dbc-1d6a-4315-974c-64b55fc800a1,13858,14030,-172,False,4,1325,1720,-395
5b80a52a-91a9-47a8-b55c-604b4bbf2f86,14274,12975,1299,True,9,1407,2206,-799
5b8d7ed8-c1eb-4a2b-9330-269458b70f6b,11713,13112,-1399,False,3,1183,1659,-476
5b8f6850-fd7f-42cd-b8c5-8d5555da9a1a,12240,13151,-911,False,0,1418,1534,-116
5b9ce5a4-fd89-4a4e-b4e0-91183e0ff0e1,12546,13062,-516,False,0,1456,1818,-362
5bad63dd-cf6f-4ceb-bca2-ec426f6498e5,12943,13470,-527,False,7,1488,1139,349
5bb7fab5-c066-4f34-b78d-7b32c7b7a4e0,14735,11720,3015,True,7,2290,985,1305
5bbb559e-2247-4b34-8cc6-4a4e0c26ae60,13945,13362,583,True,8,1527,1532,-5
5bbc7cf1-310d-4ea5-a2cf-7123f719792e,13521,13561,-40,False,4,1535,1650,-115
5bd016fb-abbb-4d2e-a8e0-5c86ab9ee506,13033,12912,121,True,7,1374,1540,-166
5bd6d56b-e337-4f61-83b6-cfe21a481892,13096,13643,-547,False,3,1224,1673,-449
5beab1a3-26fd-45cd-9d48-57628981ddfe,11903,12542,-639,False,1,1273,1534,-261
5bf18c50-0a8e-426e-bc10-9b0a1beb722f,13465,13118,347,True,8,1493,1430,63
5bf2a088-4f99-40a1-ae11-063dc4684bb7,12873,13790,-917,False,2,1452,1089,363
5bfb3af8-3b2f-463c-8d52-0f2a1edf32e7,12824,15096,-2272,False,0,1367,1569,-202
5bff766d-949f-4ff9-97d3-0d680946ca3b,15306,13276,2030,True,8,2066,1204,862
5c093b11-af9f-4adb-9353-8468751bb973,12466,13087,-621,False,1,1168,1528,-360
5c0e692b-e6b7-4a48-8859-2b2d9aec3ab8,13365,12480,885,True,7,1574,1379,195
5c2c2031-e816-4705-9d18-a30fb37e4262,13177,13325,-148,False,0,1531,1629,-98
5c2e6b86-cc9e-47da-ae74-51c02b0229ea,13932,12502,1430,True,9,1895,1289,606
5c367c1f-ab72-4dda-bfc0-1183a81ae45b,14640,14674,-34,False,6,1510,2121,-611
5c3f8e12-f073-4968-8d26-b47f5ccded4b,14383,13805,578,True,4,2713,2005,708
5c449a5d-0972-49f6-9546-3e7b0ab4f379,12892,13470,-578,False,6,1275,1634,-359
5c4dba71-1c95-40d6-9b49-05f11a98a1ef,12901,12882,19,True,3,1122,1076,46
5c66be85-654c-4c19-b752-90fdcff309df,14383,13476,907,True,6,2035,1504,531
5c6b3821-1e86-4c11-8c36-0395e4f76c31,13772,14020,-248,False,2,1748,1563,185
5c92db19-d651-4d02-b3ff-b6a8769e0e23,13249,14974,-1725,False,0,1417,1747,-330
5ca144ed-b867-4b75-9b4c-477166da6ca7,14807,12903,1904,True,8,1508,1574,-66
5ca18426-7fb9-42f5-802e-7e9c072af9ee,13008,13347,-339,False,0,1417,1506,-89
5ca192a1-ff08-427b-9126-b8e186ebd424,13741,13182,559,True,4,1593,1461,132
5ca7eede-4145-43a3-bbd6-e09951009c92,13696,13559,137,True,7,1292,1034,258
5cb18b58-0504-40f1-845b-248840daa2ee,13956,13042,914,True,4,1433,1571,-138
5cc2bb4d-0346-4ad7-961f-164d3c26668f,11834,12340,-506,False,0,1194,1088,106
5cc58d36-55b7-4e61-b56c-2a563238cbfa,13982,10888,3094,True,7,1770,1057,713
5cc84516-137d-4ad3-b501-f30010608bff,12541,12604,-63,False,1,1436,1496,-60
5ce0ec4c-31d3-4d0f-8a12-93eaccfe3448,12317,12500,-183,False,1,1076,1217,-141
5ce58eb8-c153-4b7d-91ad-56961e38af25,13747,13798,-51,False,0,1515,1502,13
5ce6da27-6532-4a85-80c3-c051fddddae5,13634,13208,426,True,5,1593,1423,170
5ce9b9a0-887e-42cd-b72c-69bf62a3ac4e,11057,11921,-864,False,5,1313,1542,-229
5cea6887-c8ca-4a93-bd4b-e590b35add74,13040,13169,-129,False,2,1675,1714,-39
5cf85ee9-97c4-4c59-b907-44e41e6d479c,12936,12909,27,True,5,1457,1334,123
5cfbf675-c9c0-498d-8bb1-7cb16bb50490,13933,13435,498,True,6,1456,1690,-234
5d09c4ec-2364-4f65-b5f1-a06cfc3c2340,11478,12286,-808,False,1,1401,1361,40
5d0efd92-1e0c-489b-bd1f-55843c043fe3,13412,13648,-236,False,6,1420,1748,-328
5d162430-b903-4a4f-9904-a345b97e1e28,12869,12158,711,True,6,1708,1361,347
5d315688-4f90-43d4-b7db-9a2abed741df,13819,14464,-645,False,1,2158,2132,26
5d358123-685b-4ebd-9f30-c22867d2667c,12145,12258,-113,False,6,1275,1268,7
5d3c15d5-1a25-4fc9-8eba-a59594eaf4d1,12568,12471,97,True,8,1231,1318,-87
5d3dea1e-5bca-467b-8539-2e379a918603,13497,12381,1116,True,7,1490,1459,31
5d43262f-3261-4385-a140-043771b0a6ba,12113,11601,512,True,9,1284,1170,114
5d4d19a1-511f-400a-94aa-6ebdee396633,12770,12584,186,True,8,1315,1212,103
5d515e8f-4338-451c-be98-bc48e562fde0,13354,13043,311,True,5,1200,1794,-594
5d5f740c-616e-4339-a14d-ec5912a72da4,11771,12399,-628,False,0,1161,1534,-373
5d7923cf-f057-459c-8fdd-117cfe7ee249,15600,12191,3409,True,7,2520,1533,987
5d81fadf-5f67-46f7-964e-21f352f4df2a,14139,12297,1842,True,7,1788,1535,253
5d91d6ab-e85d-4d1d-8fe7-ae05c7a1b0d7,12547,13369,-822,False,0,1299,1397,-98
5d95200a-029d-4076-a800-826aeb1454e1,13106,12802,304,True,8,1595,1421,174
5d9bec1d-96cd-4b13-b551-3ea28c28e0f2,12924,14185,-1261,False,2,1711,1545,166
5d9c80ba-f04a-45c6-9153-ee8d1162945c,11912,11148,764,True,7,1466,1327,139
5daceec0-baa6-4992-9f06-8836c6ecd940,12715,12728,-13,False,0,1773,1138,635
5db570b0-e2b0-4455-b6c9-752b9dd57458,13371,13308,63,True,6,1576,1642,-66
5dca4431-567c-4643-bee4-9b2657827f1b,14192,12768,1424,True,8,1547,1375,172
5dcf3c27-8797-4b28-b379-ca435641ddf8,12211,14527,-2316,False,2,1326,2452,-1126
5df0deb6-4d8e-445e-88e0-e6980112d94d,13245,13610,-365,False,1,1808,1796,12
5df2c917-afab-4310-a61c-3707fba49e99,13493,12008,1485,True,8,1539,1270,269
5dfb669c-b08a-40e1-b033-c5e70e5836db,11501,13461,-1960,False,2,1243,1275,-32
5e005528-0509-47a8-a17f-4f1280be759b,12850,13447,-597,False,0,1426,1518,-92
5e05bca2-8317-41ad-8f45-7cc1de2252cc,14286,14190,96,True,6,1797,1826,-29
5e1cbd06-40e5-4612-96a3-8ca7a9f7ae9b,12831,13367,-536,False,0,1369,1549,-180
5e29fee9-0bc5-4647-9c87-d50d15507ecb,12577,13986,-1409,False,0,1567,2395,-828
5e3330dd-e5fd-4b3c-9a90-65301944f1fd,12978,11221,1757,True,8,1481,1361,120
5e432dd8-becb-4476-b193-f44a44e7624c,12907,13597,-690,False,0,1549,1253,296
5e488748-cd23-408f-af32-585369ce54cc,13299,12649,650,True,8,1648,1278,370
5e49bd1b-bdd0-45c2-afb1-a480697dfbe8,11674,13166,-1492,False,3,1268,1823,-555
5e4c176f-75f3-45a8-83a4-49b5076c6cf1,12634,12185,449,True,6,2717,1618,1099
5e4d9ef6-3b0d-4ec0-a3d5-6d5ed48b42ac,13486,14520,-1034,False,4,1376,2461,-1085
5e651fa0-0435-4209-852a-9443054a9ac3,13407,13096,311,True,6,1921,1527,394
5e6f5a27-d2c9-4f6d-a9fd-b29c48ac8d52,13964,12552,1412,True,4,2433,1184,1249
5e703643-6488-4e24-80e3-c3687e8fb2ad,13414,13451,-37,False,2,2196,1359,837
5e7be196-3201-43f9-b645-1057caf972d7,12799,13456,-657,False,2,1416,1311,105
5e7e9657-007f-49e3-adbc-c90fa52cb5eb,14149,11035,3114,True,7,2179,1165,1014
5e849553-c22f-40b9-a3de-2f3aba130710,13611,11429,2182,True,6,1861,1482,379
5e96a449-43f6-411d-877d-1172932bd9d6,13870,14236,-366,False,3,1729,1401,328
5e9f707f-04dc-4944-9e3d-62b8e6e21146,12924,13343,-419,False,5,1485,1744,-259
5eade172-a1f9-48d1-94b6-737988c17a07,12570,13469,-899,False,2,1351,1600,-249
5eb79c93-85d0-4ae6-9708-181d16b920d4,11890,12433,-543,False,2,1307,1471,-164
5ec3e5a9-489e-4e25-ac86-f9a5b45adf9b,13178,13503,-325,False,1,1512,1453,59
5ec5bf87-8653-493c-9721-aea83cd33be1,13461,13687,-226,False,4,1185,1536,-351
5ec762f4-777a-457f-b45a-22e01937c25f,13614,13688,-74,False,8,1159,2143,-984
5ecaf770-3a8f-469b-a4dc-16db174917f4,12860,13103,-243,False,6,1333,1279,54
5ecbd3f3-520c-4d90-b1aa-bfc350a2ffbd,11307,12688,-1381,False,0,1385,1257,128
5ed76479-f84d-43b9-89e5-e47382389444,12771,13870,-1099,False,6,1359,2478,-1119
5ee1d19a-e725-4fb2-ae47-eaa75532eaa1,11840,12716,-876,False,3,1334,1215,119
5ee74d5e-e3f8-4a22-87d9-1157fddcbb16,12205,11814,391,True,5,2027,1084,943
5ef27c2c-80ec-42b1-a939-cb6b713bce9c,14600,15035,-435,False,3,1453,1815,-362
5ef35c94-e20a-462b-925f-c9a9ca244c7a,13493,11557,1936,True,7,2288,1274,1014
5f026ca2-0c61-4722-89d0-073a0e34d2dd,12617,13411,-794,False,1,1456,1545,-89
5f102608-22c8-41e7-a0ea-2fb3ff6c9bf9,14586,13747,839,True,4,2891,1606,1285
5f1194ab-6897-4bb5-a3a7-a45a0a28c282,13088,15205,-2117,False,3,2071,867,1204
5f1843ce-4f65-4979-a52a-17598ed155a3,12681,12974,-293,False,6,1413,1404,9
5f2331dc-a1d7-4ec7-a8c8-1772a8998f77,13764,12605,1159,True,8,1379,1563,-184
5f24681a-1b70-4998-a286-0b0a5dce62b8,12538,13432,-894,False,0,1383,1908,-525
5f354dfc-e84d-4895-b7bf-8980c7b28eeb,11591,12432,-841,False,1,1330,1433,-103
5f3bd050-54b0-47d8-9084-036c0a7c6c43,14164,12045,2119,True,8,1243,1533,-290
5f3ce381-db76-404c-903c-1231ae1b7b47,12528,13326,-798,False,1,1407,1587,-180
5f40d0d9-7c67-4502-aea9-8fbe221c43bc,13081,13603,-522,False,1,1535,1708,-173
5f45dead-20d5-4fd4-9053-7d0b1584d92b,13933,13275,658,True,8,1386,1461,-75
5f4b0fe9-e99d-465a-94f1-fad37bfb7ff6,12511,13740,-1229,False,3,1338,2049,-711
5f64e4a9-16e5-48d8-9544-ac088e77b6f7,12533,14383,-1850,False,0,1284,1729,-445
5f6ae53c-f384-4e68-bfdf-56a9e8225b73,14746,13360,1386,True,8,1173,1389,-216
5f6b6b13-63f3-482a-abc2-492a357a30a2,13629,12832,797,True,8,1493,1374,119
5f75e232-6e0e-4691-8f7f-bd7297753387,13606,12134,1472,True,7,1586,1430,156
5f7a0de2-c954-411d-b5f0-e16250d6ea9d,12211,12478,-267,False,2,1457,1395,62
5f86d932-465d-4278-8f2c-e837398c696e,12530,11502,1028,True,6,1416,1283,133
5f8856ee-aaaa-4936-9a92-cb4bf4a918ee,12950,13397,-447,False,1,2105,1996,109
5f8af0d8-c22d-4f76-9b5f-4365d394f3f4,12283,12267,16,True,4,1256,1213,43
5f910e78-1570-406a-8b8f-364f5ffc3610,13610,14026,-416,False,2,1177,1434,-257
5f9b1d0e-1656-4317-8bd3-50ca1735db6a,12020,14307,-2287,False,1,1532,1383,149
5f9bc10b-4b7f-4a21-8754-2211b280ffbd,13948,12424,1524,True,8,1744,1359,385
5f9ea2a7-7ab8-4945-978f-bde4e8b84315,14437,13389,1048,True,6,1720,1347,373
5fa731d4-228d-4323-87f9-61e3a2815ded,13344,14099,-755,False,3,1465,1836,-371
5faab249-c2b3-48ba-ac6d-e599c0943cd7,13545,13297,248,True,3,1736,1177,559
5faad801-6015-4c4d-a7cb-29b21ea819c7,13616,15012,-1396,False,1,1485,1239,246
5fb27534-60ef-420c-9419-5c4d2f7807cd,13695,14341,-646,False,5,1415,1665,-250
5fb4c1b1-aa68-403b-95ed-908594b8ed2a,11871,11549,322,True,9,1189,1548,-359
5fb56890-4d7e-41be-b6db-4868c72e3a0e,13382,15381,-1999,False,2,1670,2038,-368
5fbe4d9e-92c7-4560-8fe9-0142751a7914,12656,13535,-879,False,5,1598,1637,-39
5fc3624b-1701-46d4-b287-5e765c6de258,13779,14160,-381,False,4,1582,1688,-106
5fcf50aa-6141-4054-8de7-880107c92ef6,13597,13029,568,True,6,1417,1586,-169
5fd535d9-c9ed-4c63-9f5b-f5ac20845024,12476,13760,-1284,False,0,1211,1929,-718
5fe0c0f9-2632-4d5f-9a16-164e06ff3b9f,13701,12623,1078,True,8,1547,1268,279
5fe1988d-259a-4873-855f-535757477fbe,12606,12072,534,True,3,1867,1294,573
5fedc407-ee87-4bf8-91c6-da4f50e34949,14519,14008,511,True,4,1555,1707,-152
5ff8b9e6-0386-48af-81d9-4687220e8f1a,11964,12315,-351,False,3,1490,1364,126
60047759-8ac7-458c-93be-949da8219a38,13053,14819,-1766,False,1,1605,1940,-335
6005ab0a-0a02-4df6-855d-0b7485a46157,11786,11734,52,True,6,1271,1431,-160
600d46dd-e3b9-48a7-ab61-7b6761e49512,14503,13000,1503,True,7,1662,1142,520
60117839-027d-495e-90ee-19834a2e5cc3,13067,13247,-180,False,5,1476,1551,-75
602967f6-4d63-4bb4-ba0e-e2ed123541f7,12037,11744,293,True,8,1342,1281,61
602d0b96-657d-47e2-9cd3-c54dd087115d,12019,13210,-1191,False,0,1441,1417,24
603b16f3-de5c-4a01-9014-da74fda19426,13283,14405,-1122,False,3,2119,2213,-94
60495bcf-9d07-4e2b-ab6b-b9c41107840b,12688,12169,519,True,10,1411,1258,153
604ad025-e05a-49c4-a3f5-81049e8d8f66,16137,13217,2920,True,9,1584,1620,-36
604d376a-6bbc-4c27-a068-4b035683e61f,13442,13156,286,True,6,1343,1670,-327
606cf223-b1c1-4a0a-a39e-413c1d88c12e,12085,12046,39,True,1,1824,1191,633
606f64cf-0dc6-4f63-a464-efa94fb26ef0,12852,12261,591,True,6,1507,1173,334
607363ce-c99c-4e6e-933f-6072dd23ce0e,12013,11454,559,True,6,1323,1265,58
607bdf1c-b6be-44c1-8162-a0ebc2f8d9c4,13227,13297,-70,False,4,1530,1308,222
608b7d3f-327a-4e76-bb6c-4e75c8468968,11513,11985,-472,False,4,1416,1541,-125
608bafe7-e5e0-4cc8-bf0e-ae07e7678424,13149,13946,-797,False,4,2003,1950,53
60925971-dab0-4fc9-a2f9-582165d5bca9,16023,11692,4331,True,7,1578,1365,213
609bf409-5db6-4505-a79a-2a1351ba84dc,12573,13686,-1113,False,6,1061,1354,-293
60a342be-42f1-46e8-8ace-6370b0f76614,13990,12823,1167,True,7,1172,1591,-419
60a4dd7c-f9ee-407f-bcdd-fb0e13cccf38,11746,12106,-360,False,5,1399,1203,196
60b577bc-8967-411d-9918-66bfa52ac71f,13844,13191,653,True,8,1710,1437,273
60b5a128-d12e-4f98-8956-97c487b41e52,12738,13846,-1108,False,3,1379,1621,-242
60bad2e3-a5aa-4de5-9534-83ba9a249351,13740,12385,1355,True,3,1599,1353,246
60c4c329-2bc3-42b9-8aa0-df09a7c768e1,13570,16591,-3021,False,3,1375,1388,-13
60ca01c8-e4bd-491b-887a-0b76e3ec879e,15257,13880,1377,True,8,1863,1629,234
60d64ec3-a427-47a0-b7e4-2e51a5b7463e,13851,12660,1191,True,6,2171,1337,834
60e59f6a-de18-454b-948b-f5ccb32a53da,11871,12883,-1012,False,1,1314,1966,-652
60e877df-7a90-4f64-8eb1-252f5635f7cc,13214,11543,1671,True,8,1213,1514,-301
60eea781-abbb-49cc-97f5-cccae3c891fc,12612,14525,-1913,False,3,1567,1606,-39
60f4c497-5302-4481-aaaa-2284487b5c70,13475,13393,82,True,7,1554,1567,-13
60f873ac-7ea6-4fe2-9a94-50bc6df8859f,12570,13539,-969,False,1,1405,1384,21
60f8aae2-c5d9-4ff1-abbb-fecae6ece25a,12856,13992,-1136,False,1,1096,1716,-620
61066c53-7561-4dab-9a80-ba7d45d56c0a,11120,11487,-367,False,1,1381,1175,206
611dc1fa-a861-44fe-95ac-353fa479522a,13244,14048,-804,False,4,1473,1490,-17
612c994d-d32d-495f-bc25-0c89bb0fd1ba,13167,13058,109,True,6,1477,1656,-179
61339c76-2332-4350-88bb-1d5bdcaeeafd,12595,13967,-1372,False,0,1253,1432,-179
61353556-8b33-442e-a04c-c4081686e095,12507,12334,173,True,6,1461,1448,13
6139352a-6e53-4dcc-955c-e09af3188d44,13625,13832,-207,False,2,1467,1605,-138
6143249b-2fb2-458d-8838-c6284999d5aa,11450,11969,-519,False,1,1143,1116,27
61448e34-2025-4f38-ae03-e7421c8dd803,12858,13521,-663,False,0,1241,1654,-413
6145ba9d-fa39-4d45-817d-fc6667322904,13907,12695,1212,True,7,1505,1492,13
614fd189-86c9-4f44-9b13-cf980e1ccc9f,13871,12650,1221,True,9,1903,1385,518
61680dc3-2138-4b47-bd1b-b67338efb65d,13063,13272,-209,False,2,1430,1811,-381
616b0c14-e051-4d10-8fd0-30420199a4bc,12155,12364,-209,False,6,1410,1451,-41
6177f081-69f4-4463-b943-26692879243d,11908,12780,-872,False,3,1348,1142,206
6179eb98-0365-4c18-ba75-85f1aec46c12,12690,13612,-922,False,3,1300,1394,-94
617b6b3f-23a9-4866-97f6-e65de11533d2,15682,13570,2112,True,6,3086,1856,1230
61b40ab8-f3ec-4805-ad31-cc96b3f98a4e,15056,12569,2487,True,7,1639,1438,201
61bbe4ed-a587-4076-b7b2-3a6c3192b42e,15418,13689,1729,True,8,1568,1560,8
61cac71f-7409-4207-9c10-75df4636200c,14082,11888,2194,True,8,2143,1089,1054
61d01833-daa2-40d3-9132-f528d25f089b,13331,13312,19,True,4,1561,1436,125
61d26906-97b5-40ed-a297-8cfbafa0853f,13192,12096,1096,True,7,1313,1459,-146
61d48e95-777a-4729-bb3a-1dbab64593b6,12152,12193,-41,False,3,1661,1021,640
61d54e91-8c2c-41d3-a8c7-06589dd909fc,12668,15643,-2975,False,2,1189,2843,-1654
61dd23bc-8183-43b1-86da-9fb0e9f0d0db,13430,13014,416,True,5,1661,1532,129
61dea0a1-5ea7-4f8c-a0d5-97a1a42b68ae,13386,12847,539,True,7,1790,1544,246
61e7f01d-4e81-4bac-a26e-9157fe8310cc,13736,14141,-405,False,4,1783,1703,80
61e84250-0ade-49a5-8e8e-d3470c3935ad,11673,11200,473,True,7,1056,1158,-102
61f0b0b7-8185-45b7-a85c-82041c7b5f9f,13006,13454,-448,False,1,1179,1481,-302
61f3192d-db60-4a6c-9a2d-61e33bd651e7,13942,13136,806,True,6,1479,1586,-107
61fd724e-6437-4ebe-b752-d5aa0cf4ed41,13219,13320,-101,False,2,2031,1682,349
62187795-3ca9-4f8a-92a6-dc4a2bb9f46e,13314,13652,-338,False,1,1951,1389,562
623216bc-91cc-4905-9334-4fb91b553cda,14441,13317,1124,True,4,1561,1217,344
6240e1b7-3f4e-4e67-8f26-07b6177dc1cc,14362,12195,2167,True,7,1535,1444,91
624cb098-4853-46f2-8a52-d2fbfe0d33ec,13040,14371,-1331,False,2,1360,1757,-397
624d5497-eca0-4a66-8487-bb04b2e8f938,13971,12630,1341,True,7,1872,1206,666
624f6ccb-225a-485f-b482-baa206aeae70,12099,10892,1207,True,8,1701,1457,244
625a1a42-391b-439a-ab46-07beaf39c0a1,13949,14882,-933,False,1,1857,1990,-133
62610ccc-a123-450f-b202-1157e94be01e,12507,13339,-832,False,1,1523,1270,253
626ab941-f0e8-455d-9c82-13d22a1c7316,12871,13199,-328,False,6,1492,1835,-343
626bd66f-a180-4a0a-8407-301c83dc4ad0,13986,13642,344,True,5,1640,1490,150
6271be86-e6c5-421a-83f6-50058959037d,11817,12076,-259,False,4,1111,1310,-199
6273ed82-8ea5-4b99-8830-fa10a35695f5,14491,12614,1877,True,7,1159,1571,-412
627594cb-f208-4549-acdc-f930d36e4ac3,13259,15763,-2504,False,5,851,3673,-2822
62794120-515b-4c20-8356-a614b9a3fca4,13988,13881,107,True,6,1883,2119,-236
6284ad23-daf7-4eb6-bba9-91a7844f436e,13580,12810,770,True,2,2005,1225,780
628633c0-b5b5-4c89-bf23-83f31180c570,13133,13580,-447,False,2,1143,1615,-472
628f0fed-2e15-4b05-b6ce-a1356f817cef,12829,15586,-2757,False,0,1492,2228,-736
629bedf4-3817-40db-92b4-024636e9bd12,13031,13363,-332,False,2,1657,1595,62
62a1c3b7-a717-4a00-84ba-832b0b6be96b,14368,12755,1613,True,9,1664,1726,-62
62a9d904-ca0f-4177-b5af-14b9e16fd18a,14770,12519,2251,True,8,2731,1883,848
62aa3ca8-bd8c-4f6c-9cbd-ce866075d8e7,13780,12917,863,True,9,1465,1409,56
62aad2c3-d23b-40f1-bcda-7a4105549bb0,13703,12667,1036,True,7,1503,1516,-13
62acd105-5231-4bc2-b896-59277d793fa9,13635,14115,-480,False,3,1532,1519,13
62b176e1-b389-46b4-887e-6159bc4971f1,12523,12851,-328,False,7,929,1566,-637
62b40cb4-7dec-4ec9-bb1d-85d49194f8a4,13171,12649,522,True,7,1475,1409,66
62b860c2-26f9-4e39-b33f-79b3bdf6948f,13039,13046,-7,False,3,1923,1277,646
62c58967-9ca9-41d7-8064-27e656393a48,13058,13630,-572,False,0,1337,1591,-254
62c6c19d-b189-44b0-9118-c9ff22c0e551,11980,13963,-1983,False,1,1425,1581,-156
62d0c6cd-77a0-4fb4-a70b-3adad90d0247,12539,11450,1089,True,7,1390,1320,70
62eb5c96-ec32-407e-a044-a54e7c2162f1,13936,11269,2667,True,8,1342,1336,6
62ed892f-39a1-4f11-acf8-6f6e7b0bba23,13663,12573,1090,True,7,1572,1754,-182
62f79df7-b3dd-4312-8717-5115e9c8a0e5,13472,13597,-125,False,4,1428,1721,-293
6300ab21-5291-44e8-b3d0-3882aee704d5,12874,12742,132,True,4,1503,1321,182
6302e52d-8727-429d-b194-a62f45ad9c26,13255,13406,-151,False,1,1616,1514,102
63066f1b-b9fc-4680-b599-91312fd3e143,15712,14310,1402,True,5,2177,2025,152
630c67b1-b015-4401-a72b-7c27ce361335,13981,12880,1101,True,8,1428,1488,-60
630f911d-43cb-44cb-9e3d-81494887c23f,13464,13139,325,True,8,1501,1662,-161
6316abc9-99ae-45a6-82e3-d169fd30e71d,12469,12635,-166,False,3,1593,1300,293
632679e4-bf4d-4ae2-b1f6-79014a41086a,14528,13892,636,True,7,1504,1548,-44
633b0677-b95b-49a6-9783-dfefffb3753a,13845,12535,1310,True,8,2231,1476,755
634718e0-7141-4dc1-81be-d56977a0215c,12910,13610,-700,False,4,1198,2246,-1048
634eea0d-da82-486b-97cf-37af3c5b69e8,14431,12566,1865,True,8,1579,1334,245
63606271-15d9-4efd-a585-fd17fc7e47e6,13301,14160,-859,False,3,1345,1755,-410
6365b800-d149-4cae-8da1-2bef0eab41f8,14287,12216,2071,True,9,1984,1706,278
636659e9-3931-431b-9c5d-0d5c2aed7639,12479,12459,20,True,1,1433,1047,386
636efc7d-3f4f-4ae2-bd5f-ef0f95f4893f,13375,12686,689,True,7,1180,1560,-380
6371bdc5-a9eb-477e-b31d-8a3e35a5af3d,12197,14239,-2042,False,0,1329,1732,-403
637f6b50-5a03-4a14-850e-2cf72566cd0e,13689,15283,-1594,False,0,1476,1594,-118
6380a0be-c94c-432b-a70c-51993291b535,12846,13764,-918,False,0,1536,2041,-505
638279a3-7d39-4b11-a3f9-e5f967535f0f,11927,12232,-305,False,4,1394,1435,-41
63a3e9d2-ea0e-4c24-a83c-3fa4a4d27279,13214,12608,606,True,6,1963,1243,720
63aba615-6a97-497f-909b-f63234b0de33,14334,13391,943,True,5,2037,1412,625
63afcc62-37a5-4b8c-a5d7-6dbc971b6833,13656,14073,-417,False,3,1576,1647,-71
63b1ddf9-0aaa-41ee-ab49-477f218519f0,12782,13738,-956,False,2,1320,2228,-908
63bce4c1-d134-45f7-8fe1-47209190c407,14166,12884,1282,True,6,1244,1455,-211
63ca13d7-0113-4df4-95a5-c3d11c0d9b6f,13269,14505,-1236,False,3,2206,3296,-1090
63cf8de2-d3a9-4573-85af-7043d18651f7,14664,12526,2138,True,7,1873,1535,338
63e7706b-6a23-4758-8a49-033596a5f7f4,13355,13463,-108,False,1,1640,1349,291
63ee5cad-29cd-4aef-8f7c-3a804a7a9c4e,13864,13699,165,True,6,1334,1479,-145
63ef9adf-e023-4599-a2fd-eb85a036ec7f,13529,13323,206,True,4,1440,1375,65
63f07764-52d4-4771-b80f-51b938c9bc0c,13064,12622,442,True,5,1393,1074,319
63feb52d-770d-4e98-8185-23a2b2382364,13451,13001,450,True,5,1440,1430,10
640d5e23-b7b3-438a-8c98-be6dbd875709,11733,11450,283,True,7,1338,1204,134
641aeef6-360a-4cc0-9fe7-07a1698bb3a6,14330,12907,1423,True,8,2147,1174,973
64319e8c-e265-42dc-b128-bd08322494c7,12588,14520,-1932,False,1,1237,2688,-1451
64334475-2fca-40d5-819e-10492c685817,12388,13333,-945,False,1,1079,1534,-455
643e9c1f-3e1f-4c2b-85eb-bafd4b3340af,13914,13120,794,True,7,1638,1938,-300
645cc8da-3642-44a3-ab6f-55e4c1096f8c,14118,14331,-213,False,1,1379,1419,-40
6466a6e6-ca50-4467-840b-6e852363efb0,12439,13249,-810,False,1,1247,1608,-361
6480a957-1e1d-45a1-a06e-a56645c7694d,13641,13963,-322,False,0,2780,2312,468
6480ad9c-4003-42f2-912a-e87ca298055f,11978,11585,393,True,7,1425,1501,-76
648603ed-9c3a-4231-851a-f8ad9b59e067,13136,13853,-717,False,3,1380,1353,27
648840c7-7372-46e8-a733-eeb919663bbc,11949,12446,-497,False,2,1097,1030,67
649137de-9785-4d14-aacd-0472b7040848,13163,13370,-207,False,4,1282,1586,-304
649bf80b-f560-4fe0-b80d-6f000c09b0b0,13622,13883,-261,False,1,1915,1341,574
649eda1a-6f42-4070-a2bb-a627c51d2c3c,13797,13195,602,True,4,1674,1534,140
64c7dfd6-ce1f-48ba-b49d-04026f72eb5a,11957,13053,-1096,False,0,1162,1323,-161
64cef4cf-c985-4b59-b874-da765548021a,14141,14025,116,True,7,1546,1534,12
64d5b6ff-ed03-42c6-82c0-8c257a2dbfb8,12841,12495,346,True,6,1494,1270,224
64d6a04b-46a4-4317-a53f-cff23a0bad5b,13829,14678,-849,False,4,1494,1543,-49
64da8db7-8999-4d82-bcdf-8aebbfc7b092,13602,12252,1350,True,8,1663,1070,593
64ddb092-6316-4295-a888-d5c4e4e7fbd6,12045,11836,209,True,10,1216,1158,58
64e061a0-a9ee-4cf0-a0e9-72435663a72a,13254,14609,-1355,False,1,1430,1553,-123
64e74e59-e7d8-413f-a718-d9a3e25d3b67,13734,12495,1239,True,8,1591,1325,266
64e843a0-c6e4-4441-a12d-4f19fb720b82,14813,12608,2205,True,7,2217,1635,582
64e8978f-58fa-49c8-b14b-e24716348eb2,14535,12662,1873,True,7,1713,1439,274
64ec70bd-2ca2-4334-8fed-30df566bb6cc,13657,14682,-1025,False,0,2352,1460,892
64f64d5e-9770-4e7c-9d17-aa547d4feec1,12578,13119,-541,False,2,1722,2035,-313
64f93fd7-b25d-4d1b-b347-465186861dce,14128,12833,1295,True,7,2067,1259,808
64fdfb19-3457-4cb5-b41c-aba0c4904502,13301,13196,105,True,1,1594,1273,321
65166525-0c10-41fa-a344-cff39c34acc6,12956,13823,-867,False,0,1591,1658,-67
6527ef12-ef7b-49d4-ae4c-218bfbd706f7,14439,13727,712,True,7,1455,1414,41
6528f539-3705-4c3c-b6de-070775b75de6,12373,11612,761,True,6,1860,1189,671
652aa401-ae17-4345-b91f-1168c938311b,13535,13185,350,True,8,1705,1574,131
6532f7be-17d9-4563-9984-5ffeba805be0,14568,12058,2510,True,8,2272,1084,1188
653f0b45-d0ec-43ee-b732-518ff029b104,14363,13741,622,True,7,1449,1514,-65
65424b98-8610-4af1-8720-5e1f63e33c33,13421,13413,8,True,4,1609,1472,137
65496279-0860-46f1-8384-278c83232900,13736,13276,460,True,4,2130,1576,554
65799088-7439-42d7-927d-bac6114e059d,13209,12722,487,True,7,1616,1402,214
658873ef-ed75-4b1b-adfa-d80200312562,14095,13697,398,True,7,1478,1310,168
659ba762-3a42-4917-ba61-98f6c2792072,12799,13620,-821,False,0,1322,1330,-8
65a3bc2c-65e0-48e0-91df-8041cb96b377,13044,13027,17,True,4,1679,1326,353
65b31378-9d7a-4200-b580-51425a3f680c,15364,14668,696,True,8,1341,1581,-240
65bb02ac-6027-4591-921b-b0cc9af73aa6,13350,13268,82,True,1,1658,1171,487
65e731d3-ab69-42f0-a6bc-ce0f569c1953,13335,13031,304,True,8,1689,1645,44
65f19c1f-ef51-4763-98b1-c942d024b049,13517,12907,610,True,7,1958,1644,314
6600be45-8d56-4e05-b882-64f10b8b3124,11893,12480,-587,False,0,1333,1571,-238
661925cb-58bd-47fe-9294-12602f00ef7a,12454,13138,-684,False,2,1423,1556,-133
661cb5a2-a285-4ece-ba0c-7fe1ff9e751b,13435,13492,-57,False,8,1451,1622,-171
661d8efd-39ef-4c50-b1ac-986b5694e6fe,12708,12543,165,True,4,1713,1426,287
662daafa-643e-487f-9cd5-4ce41f1bb034,14973,15532,-559,False,2,2365,3078,-713
662f297e-a32c-475c-919a-6d88bd3e118c,12258,14461,-2203,False,2,1543,1206,337
662f4ec1-3d0e-479f-b1b7-0f11146c8b24,13447,12823,624,True,3,2149,1505,644
66326905-b2cc-4299-8b5a-69aff1f577c6,13946,12839,1107,True,9,1585,1379,206
66471a57-6ce6-4510-b90e-a4a29f2a2c06,11693,13780,-2087,False,2,1321,1462,-141
665034fd-f256-4e72-b57f-409eaa3336ed,14662,14087,575,True,8,1460,1529,-69
66561f76-223b-4c27-96cc-cc43ad3b18e3,12640,13811,-1171,False,0,1284,2278,-994
6659ad0f-0d2f-4982-82e3-1c6e33faf689,14496,13527,969,True,8,1133,1535,-402
6659cbed-0e98-47c5-af9b-d6071be468bc,14221,12671,1550,True,7,1307,1291,16
6662eacd-edf0-4d1c-808e-6a8e82f077e1,13385,13198,187,True,5,1688,1321,367
6667f0b9-b1fb-4410-989f-f4f447f5577d,11824,12099,-275,False,2,1340,1321,19
6669f805-eac8-4309-8632-47e2fa812c26,13468,12703,765,True,5,1346,1456,-110
66728656-8bfc-4fcf-a5ee-35b3326b5070,13992,13086,906,True,7,1480,1576,-96
667494b4-6c0e-43ed-8303-d97cd2c57c8d,11690,12447,-757,False,0,1277,1260,17
667d11e6-9e8d-4203-8abd-27cd561537db,12412,13218,-806,False,4,1365,1463,-98
66822f20-8973-4393-b759-b4bf64c147ac,12563,12215,348,True,6,1747,1342,405
66929846-40d0-41ce-b1b5-829e94d03bef,12719,13009,-290,False,2,1200,1507,-307
66995795-3abb-4dc2-b743-6f97f6de9561,13140,12572,568,True,6,1267,1318,-51
669a74a8-f40c-4e54-96be-ea07e64eb536,12779,12793,-14,False,3,1242,1437,-195
66af8394-e9f7-46e1-9591-a7aecdb880e3,12708,12082,626,True,3,1045,1396,-351
66bae02b-e52b-44e0-ad62-0ae01bcdd3ab,12286,13973,-1687,False,0,1583,1611,-28
66d5f32a-f2aa-44b5-9b58-92b5684d6b06,14367,14906,-539,False,0,2920,2866,54
66d9b371-399a-4f11-9809-6295a912e6dc,14920,12188,2732,True,9,1793,1204,589
66db7864-cbb1-41a7-b005-b2bc6f5df826,15068,12826,2242,True,8,1722,1571,151
66f680ca-d33b-4694-bd08-63c6290e20a1,14361,13498,863,True,8,1468,1768,-300
6709626d-5e40-4716-8923-c08a5dcd2d4c,12460,13348,-888,False,1,1091,1208,-117
6711f47f-3ff5-4419-b8ce-9246a7254c0e,13953,13459,494,True,7,1623,1238,385
67190170-9707-4938-8df4-18546979d782,13881,12802,1079,True,8,1884,1392,492
675c6675-aaf6-4d14-ad0e-2090cfb92b28,13320,12783,537,True,6,1130,1417,-287
67639c3d-ba03-4457-9f5b-515644fd7011,13100,13897,-797,False,5,1785,2786,-1001
676eaa57-fd46-4036-810b-08fda5fbeed1,11702,11763,-61,False,3,1297,1817,-520
6774df20-2e10-4890-ac05-87bc615e2bc1,13030,12674,356,True,6,1270,1310,-40
6777371c-5dca-4353-85c1-90688fde19a9,14728,14156,572,True,6,1688,1908,-220
677cb3c5-56ec-401c-b28c-a0a28089abcf,15067,13581,1486,True,8,1388,1349,39
67893ca0-b45c-42cd-940f-6323188fbd73,14460,12874,1586,True,6,1957,1662,295
678bc73e-de7b-4c8a-8ff0-a2f5256a4b05,13695,13732,-37,False,0,1589,1456,133
678e92f5-c362-4b98-98b4-40e24d76c47d,13488,12765,723,True,8,1514,1476,38
67940bf3-86b2-47f2-936b-3985c8ae106e,11371,12467,-1096,False,0,1213,1341,-128
67ab534a-52fe-4261-b82b-ad0ad687121d,13246,12893,353,True,4,1612,1490,122
67add6ef-213f-4848-9257-1c19ac222735,13349,14343,-994,False,3,1348,2220,-872
67b18333-b85a-42e2-9140-2b1681a5d9c5,15363,12625,2738,True,6,1795,1351,444
67bdee2a-afa5-46c2-9b96-edb6a8c97cac,11305,12834,-1529,False,2,1329,1369,-40
67c04de5-f18f-4fce-b6bb-61c61f08659d,11667,11461,206,True,6,1449,1178,271
67cefd8f-2b16-4111-8077-b3252f117660,14188,12047,2141,True,7,1542,1351,191
67eb7208-d24e-4fcf-9ed3-1b3ba6c3fec7,13511,11321,2190,True,5,2001,969,1032
67f131e6-affe-405e-9285-d31bf334cf44,13307,13417,-110,False,1,1668,1579,89
67f4497b-59e2-437d-bb7c-f357146ca380,12484,12271,213,True,4,1989,1398,591
67f8fdb2-6cce-4912-a7a2-92f6adc31dfd,13116,13210,-94,False,3,1527,1412,115
68035169-5763-4405-84dc-1d7dbb0577d9,11316,11468,-152,False,5,1047,909,138
68087859-7e04-4d87-8518-571173c47729,12401,11288,1113,True,5,1055,1338,-283
680bced5-0a22-4530-a479-906d0dd0d6a0,10712,13456,-2744,False,0,879,1277,-398
680e3351-530f-4eb3-8cd2-c0bb118acacf,10704,13765,-3061,False,1,1349,3380,-2031
6812b080-717a-46ea-9c8c-979c4e60959a,13248,13363,-115,False,2,1388,1362,26
681c8105-9249-4d80-a7e3-a58b53b8c042,12801,12303,498,True,3,997,1435,-438
683230bb-2964-4666-a77d-6d10ca0d3303,12777,12164,613,True,8,1265,1525,-260
6838a569-e407-44f8-828d-1c12fd25734f,12939,13045,-106,False,1,1107,1606,-499
6846b18c-4b73-4b2e-b233-ed630a9f4c37,13117,12836,281,True,7,1296,1456,-160
685522b1-1633-49cc-b942-7aed1441dc42,13131,14353,-1222,False,3,1088,2617,-1529
68596b14-9b66-4826-8835-f42750cf9992,12852,12880,-28,False,1,1535,1053,482
685c1acf-91d0-4dfb-9df4-23c1cfae6dd4,15093,13118,1975,True,5,1788,1379,409
68638169-f16d-4bae-89b2-523ac88c631f,13590,13710,-120,False,5,1492,1266,226
6865314b-01a5-473e-a455-c799cad67527,14308,12493,1815,True,8,1589,1489,100
68732ecf-7d9b-46b2-a6f0-b67ee4d04142,12269,13243,-974,False,1,1330,1380,-50
68739655-4554-4e5b-af2a-878936d8b5f8,14578,12405,2173,True,6,1500,1363,137
68741b4c-538c-4c7e-845d-5c4eb1bb2fba,13885,14613,-728,False,3,2235,1539,696
6874441b-d34c-45bb-b900-1cc7f29204bb,13851,12851,1000,True,8,1505,1366,139
688056a7-aff7-4a0b-8a75-1656ee068e14,13985,13885,100,True,2,1618,1313,305
689724a7-3b87-4029-9e27-b36a3be30877,12844,12502,342,True,6,1101,1533,-432
6897ebf6-a384-4df8-9725-91b0131f2a0d,14734,12726,2008,True,7,2083,1519,564
689a86ab-9d71-45bc-953d-4f424c3eee3f,13654,12830,824,True,7,1408,1410,-2
68a17786-a765-4623-bc08-89ea08791297,13322,14726,-1404,False,1,1489,2337,-848
68aa0959-7556-45d7-b4fa-5f9654fca2e3,13188,13673,-485,False,5,1240,2054,-814
68b59017-3af2-4d5e-a6ec-bd9376facee3,12952,13422,-470,False,3,1540,1530,10
68ba4e88-546c-4af8-8c9d-a79557eac704,12186,13065,-879,False,0,1219,1358,-139
68c27fb3-035a-4724-83a2-d03f53ee115f,13280,13264,16,True,3,1501,1530,-29
68c2b7b2-e11b-45c7-bcac-c10c5e99e687,13087,11994,1093,True,8,1290,1566,-276
68c66696-b314-4c83-80f6-d43be0eafeac,13464,13694,-230,False,6,1278,1473,-195
68e2c263-49d1-4687-89b2-d628e5125d10,12440,12132,308,True,7,1337,1313,24
68e8681d-9f5b-49f9-9bd5-d13f2cd9907f,13849,14045,-196,False,6,1395,1532,-137
68f2539b-4230-4f9c-b91d-9e694d5dbd49,11484,13261,-1777,False,2,1310,1410,-100
68f697b0-cb59-4340-b00c-e09ad7ccd2cc,14081,12905,1176,True,9,1336,1115,221
68fb387d-75ef-486b-9600-8189aad2539a,12816,13890,-1074,False,0,1435,1253,182
68fd935e-55eb-4685-a567-07a7f059b107,13584,13781,-197,False,1,1794,1478,316
68fdb56c-e000-40ac-8e68-35b62ba3f976,13727,13243,484,True,6,1545,1582,-37
69022217-bcea-4ab8-840e-31d82eb24d01,13211,13303,-92,False,4,1358,1402,-44
69066b2e-b4a2-44aa-9871-95fa74d2339b,12448,13135,-687,False,2,1368,1532,-164
691c9d14-6aee-4395-a272-6f49c9a8bdc0,12709,15225,-2516,False,0,1567,3418,-1851
691ce4c9-aeb9-4b5e-b6c2-c7ef6b78382f,13000,13346,-346,False,4,1230,1390,-160
691f31f2-ac84-4b03-a620-7da03c1f9e69,12897,13533,-636,False,1,1659,1289,370
69263264-b771-4021-b358-9e76e8d8d1f6,13739,13030,709,True,5,1335,1575,-240
6959e32c-7053-4068-841b-78ad147094cc,12952,14267,-1315,False,3,1236,2188,-952
6974680e-a472-4a9e-b836-4d2763df0653,13053,13277,-224,False,3,1540,1576,-36
697afadc-175b-41d2-a41a-93e15f60cf49,13939,13071,868,True,4,1528,1437,91
697cdc4d-353c-48f4-83e9-3255a40824dc,12633,13384,-751,False,1,1477,1789,-312
69948f1b-6f31-4901-a3de-31d87cb79818,14696,14049,647,True,7,2194,2250,-56
699a0888-f68c-4c59-96cd-c2801adfcd39,13316,11763,1553,True,5,1462,1215,247
69a18629-b9eb-46b3-987e-eb58b74ebfa5,13023,13075,-52,False,5,1422,1787,-365
69b21a31-4dcb-47fb-abcf-a889c6ece6cc,13991,10388,3603,True,6,1475,1174,301
69bc4792-b412-4be6-964f-d7306d6fabc7,13125,12490,635,True,8,1303,1649,-346
69c29435-c09a-4141-bf38-27116c6f8031,13811,14348,-537,False,0,1721,1657,64
69c9b681-1f89-4518-b93d-faa79cb1d7cb,13298,13650,-352,False,3,1414,1560,-146
69ea3880-c579-41bb-a270-1dcb095c347e,14451,13479,972,True,7,1598,1723,-125
69f07ddb-7e1f-4b8d-af9c-9aae77e70f4a,13830,12327,1503,True,7,1380,1627,-247
69f5f67c-1f08-4444-ae2b-b5222fce710c,11208,12223,-1015,False,0,1336,1348,-12
6a04a13b-73f6-4f5b-b5ff-7caba389da85,13219,12699,520,True,6,1472,1335,137
6a050ea1-779a-439f-a6fd-a82e429ebb9f,13735,14385,-650,False,4,1694,2138,-444
6a078303-733d-40bd-bc3d-9111da8aa3ec,12799,13309,-510,False,1,1815,1430,385
6a0c25ff-ad4a-476b-ae1f-708970531afb,13102,13224,-122,False,4,1318,1408,-90
6a184681-3feb-4489-ad50-d5dc3bed5ab7,13799,14854,-1055,False,4,1476,2383,-907
6a1871c0-09cb-4aad-ad98-50759a16e8e6,13509,13162,347,True,8,1490,1636,-146
6a3cf1a3-a39a-4d3f-be4f-5c284415de16,13413,13900,-487,False,0,1798,1441,357
6a5dd31d-70e1-41c3-bea7-374edea247bb,12593,13674,-1081,False,1,1322,1448,-126
6a6d9e55-0dc2-42ee-83a1-ef08a6bb8bac,13609,13519,90,True,3,1642,1430,212
6a7fc044-3c8b-4c2c-9645-04ecbefa5faa,14115,12886,1229,True,6,1501,1599,-98
6a8173ff-12ac-44af-981c-6bec0f1c896c,13134,13936,-802,False,0,1427,1675,-248
6a974b39-dbb9-421a-89c1-21753d405cf9,13577,12895,682,True,8,1535,1393,142
6a9fac4b-a847-480c-8054-a65d7cc66438,13606,13677,-71,False,3,2372,2057,315
6aaff1e0-e998-497f-95eb-70b55d962c84,11502,13483,-1981,False,1,956,1156,-200
6ab2cf06-8f52-4e66-95ad-0eeedba3c03c,14270,11910,2360,True,8,1740,1205,535
6aba54e1-22de-44ab-a345-4d0406fb3fec,13161,12091,1070,True,8,1391,1256,135
6abd408a-0a45-4252-8890-3f9a864900a6,14692,12708,1984,True,9,2023,1592,431
6abe91cc-bb0d-4128-aabf-c0705de14bd1,13291,13286,5,True,1,1598,1037,561
6ad00764-05b7-4187-8f88-9e38d131c629,13398,12864,534,True,7,1483,1702,-219
6ad7b818-7f0e-469a-b23c-b1c9da51cf23,13381,12986,395,True,6,1770,1304,466
6ae1e65f-2c85-483d-8628-4ff5b47d2059,12802,11604,1198,True,9,1405,1526,-121
6aebb0fe-344c-4a77-ba94-c76f1bf3d88a,13517,13570,-53,False,4,1528,1573,-45
6aefbec2-4ff6-4466-aeb1-b0edd0b33001,13716,13864,-148,False,4,1567,1502,65
6af28643-128e-41ad-a431-3b1cc347b391,13586,13865,-279,False,4,1439,1991,-552
6af8880f-a4d0-4f55-8d87-063a11628864,12561,13431,-870,False,2,1444,2066,-622
6b12c983-c892-458b-96a0-14e3f1c33306,13455,12207,1248,True,8,1399,1503,-104
6b1da051-dc27-4b77-8408-76d198287810,12692,14811,-2119,False,2,1370,1469,-99
6b226818-2b60-4089-8e24-e338b61d7654,13246,13321,-75,False,5,1500,1424,76
6b25a226-390f-4274-8370-9db81ab79561,13377,13208,169,True,8,1587,1691,-104
6b352e40-3a71-4fd2-995e-d8dabedbd418,12201,12043,158,True,5,1267,1477,-210
6b3cbd5d-6651-4590-8d60-c4be8a51d44b,13575,14034,-459,False,1,1488,1339,149
6b3ce8d2-4efc-42be-b9aa-97567eb689b7,14400,13533,867,True,5,1817,1100,717
6b4b7c73-e4ed-49bc-9988-f56dcb069d44,13164,12434,730,True,6,1822,1403,419
6b5013b6-6fda-4d81-814a-c4a6468b96b5,13572,13718,-146,False,2,1218,1456,-238
6b5154e0-f984-487f-ae38-d334cc7d7066,12070,14295,-2225,False,1,1338,1502,-164
6b65d63e-3d80-4bf3-a9f0-995b6cfb5d68,12867,13178,-311,False,3,1384,1802,-418
6b691b91-362f-4eb2-bde7-6ce2ca096607,12731,12737,-6,False,7,1355,1429,-74
6b7a6f48-b49b-463e-8e13-7a0be534bf2c,12671,12502,169,True,8,1389,1541,-152
6b7ea31a-e011-4e44-a6ec-378697755958,13425,13683,-258,False,6,1370,1686,-316
6b8309f1-3a25-4cce-9294-58668073e246,13141,13202,-61,False,6,1278,1526,-248
6b89370d-dcaf-4c0b-8dfb-32ab13a9a41a,12735,13420,-685,False,0,1310,1486,-176
6b91b15c-d96b-4122-92df-d621c7997cc3,11069,11146,-77,False,2,1273,1092,181
6b97b9a4-db92-425a-8c0a-3dabe2c89c3c,13609,13357,252,True,7,1365,1483,-118
6b9daf94-311c-4d5e-8ff6-c6f3f31951a9,12594,12110,484,True,7,1337,1847,-510
6ba0856b-532a-4227-81ad-8c39aaa87612,11916,12023,-107,False,7,1215,1340,-125
6ba0f2ef-b6a7-4ab9-ad40-a509dca38f78,13219,13576,-357,False,1,2081,1623,458
6bae900b-9705-4b42-8d46-a11b0b5e7480,12579,13953,-1374,False,0,1581,1314,267
6baf0501-ae14-4493-bbc3-32f9e1825261,13002,12168,834,True,8,1444,1231,213
6bbf0d80-3667-403f-874f-1539d61fb4c8,13851,14417,-566,False,0,1639,2133,-494
6bc8ac2c-c56e-4129-af38-f0510d41cda9,13620,12950,670,True,8,1903,1412,491
6bd8fd3c-697f-4615-a6b2-7659027398ae,13830,13167,663,True,8,1505,1363,142
6be69058-49d8-494e-9065-39b5cda95420,12311,13192,-881,False,2,1414,2101,-687
6be70e52-14c4-417b-be03-cf68b086f140,13633,12327,1306,True,8,1323,1129,194
6bf328c9-552e-434c-9ee5-ea6ccff18d4d,13272,13601,-329,False,6,1335,1663,-328
6bfe82f6-7c09-4ca3-93ac-f82a427457bc,13464,13750,-286,False,6,1904,2402,-498
6c0e3504-3be1-48e1-810c-e97d0b44a4d9,12034,15336,-3302,False,0,1503,1744,-241
6c15fe8b-0838-452e-bf01-a12c12137ebf,14842,15230,-388,False,1,1503,1811,-308
6c2a0906-320e-45e7-ba13-16148171a470,13495,12930,565,True,6,1233,1205,28
6c37dd96-3d83-4f65-8257-a1586b741830,14249,13274,975,True,7,1345,1450,-105
6c4f363f-a620-4fc9-a97b-8292651c135a,14585,13582,1003,True,7,2329,1526,803
6c4fc6f3-f67a-418f-8061-530bcaee16b9,13644,12688,956,True,9,1695,1276,419
6c5835d4-715f-463c-8af4-b211bc6039c0,13265,13497,-232,False,1,2221,1405,816
6c6404dc-bb65-4107-acec-03a3d1a2a210,11791,16586,-4795,False,0,1253,2487,-1234
6c654dea-5f76-4ba0-b02f-245d31517ee8,12587,13167,-580,False,3,1302,1544,-242
6c74145d-a369-42a0-90b8-90adace007a3,13041,13020,21,True,1,1376,1276,100
6c763f52-8b22-4490-9565-9ec8015f7845,14097,13300,797,True,3,2335,1340,995
6c7f5252-9c47-443b-b25f-85d084bf9871,13915,14455,-540,False,5,1018,2054,-1036
6c8c20cc-7e14-4923-b469-22e1ff02dfb5,12469,12796,-327,False,3,1236,1441,-205
6c8d63fb-d351-42d6-a9d8-62b71ff1dfdb,12813,14243,-1430,False,0,1323,1818,-495
6c94e648-60e0-4db8-9dc2-fc1108a70ae3,12456,11912,544,True,7,1222,1451,-229
6c9db6a7-c1f4-4c78-b0f4-3d4cb42dc935,14533,15273,-740,False,0,1307,1035,272
6caf5194-d661-4e44-9b5e-09cacfb0d674,12099,11884,215,True,7,1281,1440,-159
6cb2c2a3-48e6-4370-bef3-1228f8bf0905,13114,14605,-1491,False,0,1305,1534,-229
6cb5ccd3-1115-4bdc-ac97-65fdbebde3e7,12283,12795,-512,False,1,1222,1575,-353
6cb97ad7-5800-4db9-90b1-dab094f5c73d,14432,13347,1085,True,9,1640,1509,131
6cbf9db7-a6eb-4903-b3e1-9905c1399e89,14625,13197,1428,True,7,1763,1521,242
6ccb1424-b460-40e1-a30a-ab5b2cf559bf,14144,12291,1853,True,6,1588,1061,527
6ccc3da1-c929-40c1-b267-8afbe7e0895d,11591,12496,-905,False,0,1357,1212,145
6cd799f3-ca31-4944-be19-a67436beee45,11099,12873,-1774,False,0,1368,1312,56
6cec506d-3161-47bf-bd6c-a3076d5e2426,14112,13153,959,True,8,1258,1523,-265
6cee49df-38e3-445d-beae-292a33b45574,13127,13382,-255,False,0,1234,1473,-239
6cf00072-5e18-4b69-9d5f-3ee1f2838df1,15012,12855,2157,True,5,1523,1486,37
6cf6a982-dc9c-4964-9a4d-855f6af205e0,13108,13497,-389,False,6,1223,1665,-442
6d0832d0-a0f4-423d-8439-4c355fc44114,12910,13264,-354,False,4,1398,1686,-288
6d0ad07b-3f88-4741-997b-277325e39ced,12043,12689,-646,False,1,1384,1476,-92
6d114876-0492-40fa-b893-45fba250aaac,13088,12607,481,True,7,1257,1086,171
6d11d50e-d3c1-48e3-a5ab-7fed949ba6c0,15972,12174,3798,True,8,3458,1242,2216
6d19374b-98cd-4ebf-ad35-ff592a55d9c6,13892,13731,161,True,9,1224,1657,-433
6d211e59-26f9-41b8-8e43-88fb01534d58,12953,13943,-990,False,0,1775,2284,-509
6d2cb399-209f-4b33-9361-ceef35b1975d,12480,12402,78,True,7,1518,1404,114
6d3a695a-c9f1-4a2e-8f92-cd33dad30e44,13787,13583,204,True,8,1281,1286,-5
6d3ee359-ea3e-4799-98a9-a9251a5fa234,12702,12947,-245,False,2,1645,1427,218
6d4400d9-d57a-4ec1-83a3-07a589d37e80,11377,12166,-789,False,1,985,1192,-207
6d4e0ed6-29a7-4f66-8c73-b5fee1c3dabe,13040,12964,76,True,7,1537,1692,-155
6d5017eb-ec4a-4308-9255-cb466321b9aa,11387,11602,-215,False,1,1237,1333,-96
6d50b7b0-bd97-4f4d-a811-12874311fd8e,14155,12357,1798,True,9,1308,2027,-719
6d56a4ae-6de0-4cc2-b033-10c3b74a5a2b,13100,12733,367,True,8,1302,1587,-285
6d683493-a257-42ac-9b72-d8654b3edc7e,12240,12701,-461,False,3,1262,1251,11
6d6f930a-ba66-4727-8bae-238ebdd0265d,12867,13410,-543,False,2,1538,1555,-17
6d77c558-5b9e-45ab-aae9-80e8a442439a,13442,12913,529,True,5,1583,1487,96
6d7eba4b-8b68-4286-879c-7e53959a231a,11864,12217,-353,False,0,1319,1310,9
6d836402-2ce2-4cfb-8d8a-34ed05021d39,13207,13318,-111,False,4,1133,1154,-21
6d83be90-15d6-4be8-afa7-471fad803a21,13417,13656,-239,False,5,2295,2094,201
6d9ab6ef-b631-463d-9381-e95c4e522b73,12924,12242,682,True,7,2155,1934,221
6d9b1711-d85d-4d8a-a33f-a45fd5aa4165,12569,14259,-1690,False,2,1334,1808,-474
6d9f21da-ce9c-41e6-823e-705f250568dd,12683,12527,156,True,6,1412,1503,-91
6da3f5a6-d29f-4ee7-bd0f-36c2af61dcb8,12877,12685,192,True,8,1420,1281,139
6da41c08-a688-4c7f-be68-0b7ec408681c,12562,14333,-1771,False,2,1561,1632,-71
6daec0ba-6b92-4125-96af-70d9fbb22d2d,12839,13732,-893,False,6,1134,1639,-505
6dba9caf-42d7-4f59-b4c4-15a5ff945370,12714,12914,-200,False,6,1051,1570,-519
6dbf9bcc-8dcc-4487-9615-dc1c2864e151,12594,14689,-2095,False,4,1350,1384,-34
6dd14d98-9070-4025-beb5-28775b55ccdf,13953,12980,973,True,7,2181,1406,775
6dde66ad-09fc-4f95-8a73-2c1e7013013e,12694,13453,-759,False,4,1021,1731,-710
6de3cb82-8850-4bb9-83b6-7c4bba040de7,13361,12940,421,True,6,1262,1595,-333
6df62bbc-0171-4f21-95db-4c590c4a9959,13401,13739,-338,False,5,1143,1915,-772
6df757a3-ef65-42ed-a745-3de1696bdd89,13442,13926,-484,False,1,1748,1456,292
6dff3f3f-b373-4813-9ea9-2da2f71db88d,12264,13831,-1567,False,3,1420,1571,-151
6dffffc5-f823-499e-858e-7f8101e4a751,13373,13633,-260,False,5,1478,1434,44
6e0ac14d-19df-4062-b12c-90a533b22ff4,13938,13200,738,True,4,1400,1178,222
6e0f631d-ef08-464d-8b8a-394e3ced85d8,12906,13333,-427,False,1,1199,1452,-253
6e11a634-79a9-4cef-8519-111cccb659ce,11672,12006,-334,False,0,1417,1420,-3
6e11d612-5fa0-4a08-8b44-1a16825e4467,14439,12640,1799,True,7,2399,1522,877
6e1e448d-5cc3-44ea-bfd2-a63de3dcc3db,12638,12971,-333,False,0,1435,1420,15
6e23f13b-1e75-467e-b22b-7405c754b291,12858,14352,-1494,False,0,1300,2260,-960
6e25ceda-ae78-44dd-9d7e-5bba30484cdd,11794,10463,1331,True,7,988,1201,-213
6e306a4e-07a4-42d1-ad3c-5755e8be8899,13942,14421,-479,False,6,1165,1970,-805
6e3e90a0-e4ea-4d79-8db1-8fc101481c1e,13279,13241,38,True,7,1670,1652,18
6e40ba74-19eb-47ae-9105-c780c40b03dc,13417,13578,-161,False,0,1841,1631,210
6e5ced85-e5e2-4c8b-a407-6f0feedac197,11576,12945,-1369,False,2,1239,1781,-542
6e5f989c-9370-41f7-833f-6a4cf785fe22,14930,13481,1449,True,7,1306,1303,3
6e6ea683-569c-4ed5-b844-d71f2c70cea0,13842,13244,598,True,3,1830,1337,493
6e73d800-74d6-4425-8f74-2e2be4f49a65,13283,13590,-307,False,0,1322,1107,215
6e76708a-ee02-4ae0-bc89-571611716c31,13458,13239,219,True,7,2113,1767,346
6e7a72db-7ecd-4b8a-8760-8cc57aea9fca,12464,13710,-1246,False,1,1458,1705,-247
6e9d22f2-81c7-427b-b775-ce32be8ba0b4,12508,11922,586,True,8,1368,1340,28
6ea61d2b-9617-4121-826a-817aa50db7c7,13845,12869,976,True,3,2294,1205,1089
6ea83cb1-b11a-4017-8bf2-5f32e3ee9e77,13975,13035,940,True,7,1497,1379,118
6eac226b-f221-40aa-b580-ab673c58992b,13834,13362,472,True,8,1574,1363,211
6eb13472-7bc0-47a7-aef0-431b635f6a98,12528,11667,861,True,4,1550,1329,221
6ebae068-b6d4-4cd1-aba9-5e8175bd3996,13189,13478,-289,False,2,1433,1450,-17
6ecde709-f5a3-48f5-bb6f-8a79ac822392,14566,14811,-245,False,1,1743,1518,225
6ee11352-e03d-4d9a-98d8-0905f0f902d1,13284,13246,38,True,8,1332,1468,-136
6eeea4a0-1c1f-4edf-84cf-323e0032c2bd,12456,12940,-484,False,0,1360,1525,-165
6eef8006-9ea9-4c59-9c68-a770119ae38c,13796,12315,1481,True,6,1892,738,1154
6efa23c0-14b3-4322-bae0-750d54e9ebf6,11907,12444,-537,False,3,1357,1318,39
6efa4281-bc81-495c-9223-328dad7e12af,13163,13393,-230,False,0,1780,1488,292
6f1b4046-8292-465b-8cc8-2897820b556d,12643,13092,-449,False,0,1558,1633,-75
6f23a260-6960-4a76-ba1a-5d070a67f282,13357,13247,110,True,5,1379,1593,-214
6f293fd4-7427-421b-b995-2f8a7843f3d7,13372,13703,-331,False,0,1974,1453,521
6f29cb00-bf9b-417c-8275-f2bbfdbf25a1,12016,11761,255,True,3,1359,1057,302
6f344f32-f481-4809-96aa-c2e6a08d87c4,13180,12895,285,True,7,1615,1459,156
6f439ed5-a947-4ca8-87fa-8d4582b6f686,13243,13903,-660,False,4,994,2367,-1373
6f4b2573-72b8-4ed2-85bc-c166a84305d4,12861,11710,1151,True,7,1687,1230,457
6f536fb4-1751-4e9b-a3e9-8f50991e8a75,12616,13118,-502,False,4,1224,1574,-350
6f53ea09-c9a3-466e-9a72-c28867c96dd9,12112,13607,-1495,False,0,1334,1651,-317
6f5b14c8-9472-4271-bee0-5761716b5f19,13437,12772,665,True,6,1708,1223,485
6f5bcb93-9309-4367-a1d2-ba1566c550af,13392,12736,656,True,4,1456,1242,214
6f624d2f-e260-45ba-8399-3e32f3f0c4e6,12856,14262,-1406,False,0,1496,1792,-296
6f645ff0-1350-426b-9a39-c90a49eee077,14015,14165,-150,False,4,1437,1630,-193
6f687732-42d6-4cc4-ae75-7519580fff8e,14483,15080,-597,False,7,1211,3022,-1811
6f70e394-3787-4e57-97b2-20972370663a,13544,13105,439,True,6,1431,1513,-82
6f779871-052a-4084-9b14-4d38b602f3b5,16593,15178,1415,True,5,2612,1776,836
6f7c5d87-4b03-4019-90ce-4a4b73f290a0,14999,12492,2507,True,8,1340,1568,-228
6f87b56b-42d6-402d-8f4a-2241ea409c78,13390,13038,352,True,7,1588,1541,47
6f905dae-e421-451c-a783-935d6c7689aa,13224,12467,757,True,8,1291,1178,113
6f906e15-8e80-4d54-a925-b7b89d88f0ee,12186,13535,-1349,False,1,1399,1422,-23
6f912c57-aab4-47cd-beb8-46373ff7cd0c,13525,13359,166,True,8,1641,1279,362
6f935fc4-5331-4f47-8af1-a1fa3ffb7549,13001,13151,-150,False,1,1586,1433,153
6f94abf1-c9a9-49f1-87e3-0ac05bd4c946,12496,11553,943,True,7,1380,1238,142
6f99d585-9cc2-4df7-9800-03f4964f6e3a,13733,13206,527,True,8,1446,1815,-369
6f9a5b00-f5d9-48d9-9234-84c211f358da,12192,12062,130,True,5,1334,1329,5
6fa05aed-035b-4bf3-909f-be4fd62ef746,11091,11635,-544,False,3,1236,1322,-86
6fa0c45c-51b2-4d64-adb4-ebc6378a1d4c,14207,12675,1532,True,2,2777,1167,1610
6fa3ec68-9031-4a10-89e7-356986498e01,14538,12582,1956,True,8,1557,1282,275
6fa8ff6a-362a-4605-b1d6-fd91e15c45a7,13981,12688,1293,True,8,1087,1188,-101
6fafcd85-fce9-4dd6-9b0e-5277da50468a,12924,14012,-1088,False,2,1065,1733,-668
6fb98edf-18cb-43d6-8d09-91b57d30fbe3,12830,13631,-801,False,1,1558,1348,210
6fc39bdf-fa9b-4ef6-a0a7-ad22c8ba9986,13235,12392,843,True,8,1498,1270,228
6fcd6a6a-4d14-4034-964d-6e5b14760f11,14011,14275,-264,False,5,2062,1536,526
6fd0e64d-7b68-44c9-84fe-2ff04d682eb4,12980,13043,-63,False,3,1383,1574,-191
6fdff0ea-c457-4ea3-82f7-3a9774816360,14259,14061,198,True,8,1719,1861,-142
6fee6e81-c7b3-40dc-a49f-b41a0fff30e2,15053,12721,2332,True,7,2616,1197,1419
6ffed83f-41ea-4f5e-a488-d39572ac91d3,12478,12612,-134,False,4,1517,1536,-19
700303d3-2aff-4105-9175-648473ee675c,11348,12435,-1087,False,0,1170,1210,-40
70088715-231e-49b5-914c-30161434cfad,14232,14312,-80,False,3,1592,1376,216
700d13b7-bc4a-4434-985c-267ef3d97b79,11998,14534,-2536,False,0,1243,1501,-258
7026085d-ac6c-433d-b9b7-3f7fe37e8ce4,11390,13932,-2542,False,2,1155,1508,-353
702641ce-e433-4f6f-abaa-b740b07f5991,13434,13124,310,True,6,1492,1435,57
7027f2b3-0760-4697-8543-d1bff558a72f,13243,13650,-407,False,5,1993,1408,585
70280332-6b03-4590-bc23-27896c10ea52,13669,13599,70,True,7,1519,2583,-1064
70314325-acb8-465f-ba9f-e2177e272f6d,13808,13714,94,True,6,1460,1149,311
70345282-a1c4-4e63-a9e5-b07d179772ae,12083,11882,201,True,6,1189,1219,-30
703b002f-7a4c-40e2-88bc-0635bfe7efa8,13839,13360,479,True,4,1928,1410,518
70476c99-d076-41e1-8383-37563570a867,13556,13322,234,True,5,1521,1442,79
7052e9e1-22db-4908-8359-986b84f91bea,12991,13870,-879,False,1,1474,1755,-281
7053b7b2-1eea-4871-ba57-8fd73d790f33,11993,15962,-3969,False,1,1025,2453,-1428
7058d48f-986c-4f56-893e-d81f2355f4bf,12200,11881,319,True,3,1598,1196,402
706df88e-2540-41da-85a8-6186b0d7ecd3,12489,14628,-2139,False,0,1703,1744,-41
706f5a2d-1164-4330-a523-cebaf524f915,14333,13871,462,True,7,1697,1357,340
70748cba-3632-4656-a1b6-bf88f1496c0a,12949,13237,-288,False,2,1545,1305,240
709c3e76-5760-4315-a26c-b80645ec570b,12078,13419,-1341,False,1,1241,1546,-305
709f5997-2d00-4e72-9f9a-5b3499bd9ad0,12386,12454,-68,False,4,1335,1439,-104
70ac02a4-7bac-4058-b3a8-5ebc48ff6bf7,12326,12958,-632,False,2,1341,1343,-2
70aca1c4-b986-4083-9766-17e6b38e789c,12836,13408,-572,False,1,1768,1878,-110
70af71d5-024a-4ba6-9c07-897259dd8962,12972,13459,-487,False,5,1306,1756,-450
70c18be5-8edd-4d43-b2c6-d7a74e15843a,13328,12920,408,True,8,1358,1461,-103
70cd0c71-6c3d-45e9-95c0-b00b9e8a32b6,12954,14802,-1848,False,0,1252,1795,-543
70cfb121-8b5e-47a2-a270-b2e3741d8141,11734,12686,-952,False,0,1186,1481,-295
70d6068a-d2d9-4bcf-ae6f-8057353751ee,13873,13726,147,True,4,1513,1568,-55
70daef4a-46cd-4782-8a46-b14b0f3e03ef,12268,12009,259,True,4,1088,1251,-163
70dead6c-9038-4829-b747-24b5d9c659c9,14784,14526,258,True,2,1641,2030,-389
70e4d10f-f3b9-464f-be10-c5def3107cc0,13302,12762,540,True,6,1225,1638,-413
70f01ceb-8c2e-4798-9a6f-45532689554b,12533,12802,-269,False,2,2079,1539,540
70f727c4-ea24-4784-a994-c3e62d37ad2e,13178,13556,-378,False,0,1665,1392,273
70f7d06c-666f-4736-8b48-3bbebfe87b5a,13736,13012,724,True,4,1764,1324,440
70f9f94a-82f7-4ed5-baf2-899aa211cef0,15401,14116,1285,True,7,1632,1415,217
70ffd0db-658d-45c5-b401-791a2a9bff52,13277,13227,50,True,2,1354,1476,-122
71069fc6-2f12-4b98-a878-f44336913a18,13178,13857,-679,False,1,1691,1503,188
71071646-48cd-4d06-b174-f8bab1baaa21,12768,12545,223,True,6,1158,1556,-398
7107fdb2-f406-4e55-9f38-19ab8e0f466f,14363,13830,533,True,8,1592,1312,280
71081483-6ecc-49d7-a637-a4525575dfea,14049,12666,1383,True,5,1537,1541,-4
712323c4-2f1f-4988-a324-1a10a63cd94d,13208,13656,-448,False,5,1628,1465,163
713396b7-b3de-43a5-8982-a93b24c4d21c,13635,14122,-487,False,5,1629,2391,-762
713f25e8-8860-42cf-a3ba-4cb2ad403c28,12582,13445,-863,False,2,1359,1392,-33
714658d5-9c09-46f6-8ffd-6672e1bf6d14,13077,12782,295,True,3,1531,1389,142
7155e8df-3c91-4c6a-9434-c62586c63be9,12818,11479,1339,True,6,1794,1088,706
715b4a49-757d-4b1b-af2a-714ddee1b11c,12237,12045,192,True,3,1339,1413,-74
715c3398-dc90-4dd1-9f74-961c82e17429,12577,12335,242,True,7,1458,1468,-10
7162d3ec-9889-48cf-b880-a918b5d77a08,13794,14515,-721,False,7,1197,1850,-653
7166ebfa-571d-49a5-a240-e8d32d2c3c1e,12981,13978,-997,False,0,1316,1737,-421
716dd46f-6530-4ed8-af30-b1cdeca5d646,12563,12285,278,True,4,1510,1023,487
71738799-f0ba-4ace-b8ab-b62926ad264d,13343,13485,-142,False,5,1528,2101,-573
71812b7c-0c7e-42f0-a945-13632e205665,13411,13940,-529,False,1,1417,1670,-253
718815ca-c5ff-4525-9291-e7a32f2f2634,14863,14255,608,True,5,1257,1474,-217
719ac86b-b5b6-4f2e-95f5-b37b8c04ca8f,12781,12854,-73,False,0,1415,1429,-14
71a18b00-f755-4d9e-bb18-243ba8a48069,13639,13255,384,True,5,1457,1341,116
71ae404a-0592-4fb6-bdc2-c1bae20a1a7f,13580,13689,-109,False,5,1452,1411,41
71b56daa-daa3-4a45-8d0e-65e9081d95b7,13930,12940,990,True,5,2129,1362,767
71b7e6b6-e8d4-46a1-8baf-f553412abb50,13733,13240,493,True,3,2101,1317,784
71c1e5ed-12a1-4dbb-bce3-07afc9317294,14252,14819,-567,False,3,1664,1971,-307
71c2d68b-902a-4920-95d1-612ff059364c,13456,12887,569,True,4,1721,1179,542
71c5dabd-3190-4a77-8fe0-7862d3032cac,12819,13384,-565,False,1,1425,1499,-74
71dbdd28-9cf7-4315-999e-1b31d71ca6bf,13495,14663,-1168,False,1,1592,1443,149
71e10455-b5b3-4a54-be63-6f5bb814a4d6,13035,13171,-136,False,2,1521,1460,61
71e6f996-a6dd-4760-9899-50e636a95c2b,11617,12823,-1206,False,1,1330,1352,-22
71ebe40c-9e50-4098-8112-3d9563b12959,14155,13744,411,True,3,1645,1453,192
71f5dfff-950b-48e8-8546-36f5def54aad,13024,12869,155,True,4,1667,1390,277
71fa3c3b-c88b-4257-96e6-87d51ad323e5,14032,12333,1699,True,5,1739,1058,681
71fd255c-cc3a-4d76-863c-0cc56775f0d9,13059,12802,257,True,9,1426,1890,-464
7208cef7-5800-4340-b02a-6777ffc3fa08,13204,13600,-396,False,1,1503,1265,238
7209832f-6565-48fa-8c6a-2b71318f298d,13190,13752,-562,False,2,1795,1573,222
720ce8d5-c5e1-47b2-9ed4-505d5b702d83,13212,12007,1205,True,7,1308,1031,277
7217df39-9f62-435c-89a1-d18b3c74fce3,14381,14179,202,True,4,1548,1334,214
7223eaff-534b-438f-9da5-49ce2134642a,13302,13359,-57,False,4,1406,1520,-114
722898a2-5e76-486d-a5f0-341a983942da,13628,12713,915,True,7,1759,1462,297
7230866c-61b3-4e51-9265-9392d3abe3ee,12851,13425,-574,False,0,1487,1515,-28
72317956-24a9-43d3-a72f-328367580403,13898,13968,-70,False,3,1718,1344,374
723a0d99-846c-4eb7-bf7c-af9f6031bf55,14237,13338,899,True,8,1679,1676,3
7242f84c-4ea1-4651-91a5-f7564ffdb2e0,13421,12788,633,True,7,1434,1428,6
724af591-98eb-4cde-a25c-db6969bc4741,12933,11627,1306,True,7,1479,1455,24
724da3aa-51e2-4b91-a1ab-1b8f116b6d31,12509,12844,-335,False,1,1316,971,345
72521d8a-544b-4d3b-a2c9-4c0bc0265914,12815,14108,-1293,False,1,1699,1462,237
72547148-2d73-4973-bdc3-0ab7118e439f,13456,12980,476,True,5,1542,1455,87
72559498-a70f-4fb6-b6ff-32d00bca9587,13813,12298,1515,True,8,1374,1693,-319
72574b2f-a282-4d4f-b791-fa2092222737,14480,12223,2257,True,8,1364,1503,-139
725b6fab-0979-4362-b6a6-2fba53616bb5,15253,12814,2439,True,8,2563,1483,1080
725cab33-9ee1-48d5-9b3b-6ea299c289a3,11669,11520,149,True,7,1196,1167,29
72619655-450f-45f9-a317-677138efa5ab,13777,14143,-366,False,3,1668,1490,178
726806b5-cf47-46c4-b2e5-8f8a39be22b8,15345,13195,2150,True,7,1463,1511,-48
726c8d11-2679-4803-8a21-4dbcd5ae668c,13275,13105,170,True,2,1440,1473,-33
72705440-f030-40e1-95de-9d16155dbe5b,12342,12512,-170,False,5,960,1648,-688
727905f1-2663-4183-993e-1e8dfd4942a3,14963,12704,2259,True,7,1406,1549,-143
727a1d84-e423-456d-a580-6d03f8786336,12156,11799,357,True,4,1302,1415,-113
727ad050-e762-42cf-88b7-97389d68415b,12803,13178,-375,False,0,1366,1412,-46
727b1523-0c69-4bad-ac71-358725980e6c,10981,11403,-422,False,0,1065,1151,-86
7284b148-81a6-437d-8b37-57b42706f4a8,13290,14086,-796,False,0,1748,1489,259
72862d14-43e0-4c81-ad95-672572fb168e,12777,14229,-1452,False,3,1332,1461,-129
728f72aa-4c2d-4292-ace7-d3b366c8d15b,16035,12309,3726,True,9,2847,1366,1481
72b081bb-4ab5-4a94-9bcb-8cbf373649d0,12567,13166,-599,False,0,1394,1393,1
72bc927e-951b-4c94-874a-418c3bf4e6ee,12612,13646,-1034,False,1,1487,1748,-261
72bf259d-b643-45cd-9cb6-e81f593c786d,12920,13032,-112,False,1,1587,1778,-191
72c142fc-ad4a-4a33-aa1b-5af231c9206f,13456,13390,66,True,4,1736,1354,382
72d4925d-ac05-46e5-9ec8-3cbb771f9fd9,12152,14268,-2116,False,0,1397,1937,-540
72d6d63d-ad3c-446f-a863-78a7451ed6ce,12723,12229,494,True,6,1252,1860,-608
72de63d6-a47e-49f2-bf26-dbb6457feab3,13621,13043,578,True,8,1322,2019,-697
72e47fd2-77f7-45fe-bcaf-5fdd68433f37,12253,11753,500,True,6,1264,1452,-188
72e8a96e-6813-4a17-b449-5804f752fa10,12809,13838,-1029,False,0,1470,1107,363
72ee975e-c041-4028-9bf6-23b046411d03,12645,13810,-1165,False,6,1203,1400,-197
72f0cfc3-529b-4cff-bbc3-bfb162df4f8d,13144,13626,-482,False,5,1714,1888,-174
72f77687-e110-46e0-b2aa-e9b682094373,11694,12807,-1113,False,0,1257,1796,-539
72fbb0a4-15ff-41ea-a7c2-51c721ecb2c1,12150,12446,-296,False,2,1635,1138,497
7305de20-67c7-49f9-b796-43437e334611,13872,12238,1634,True,8,1853,1499,354
730779f2-c841-45b2-a0a8-e53de1c51516,13732,12661,1071,True,7,1523,1889,-366
73114a39-24f1-4dd6-96f6-b487ff3b12d4,13692,12514,1178,True,5,1365,1488,-123
731df27f-3bc0-4c8a-8d6d-237c6539ee38,12349,13201,-852,False,1,1226,1301,-75
731f7da7-f284-402e-ba3a-ae668a3b3aef,13043,13665,-622,False,1,1664,1332,332
731fe4ee-0fe9-434d-9bbe-5c982df989bf,13057,11895,1162,True,8,1395,1449,-54
7325b6a0-2f49-4fb0-8b63-5b3ea03ec70c,11899,14939,-3040,False,0,1079,2951,-1872
7334160a-1691-4ea4-8b0f-c89b10ab68f3,13007,13277,-270,False,7,1303,1445,-142
733ab13f-a3e4-4614-9406-277dc60d8616,14908,13564,1344,True,8,2189,1228,961
733e26b3-263e-4417-9130-9db8bf4c38bc,13057,12936,121,True,4,1622,1124,498
7342d810-da97-4fad-8845-f918e996c1bf,14549,13233,1316,True,8,1672,1498,174
7342ea5d-0af7-4187-bf58-e33e35dd38f1,13835,14120,-285,False,5,1445,1758,-313
734827df-414a-4d39-9d62-3bd1f02029b7,13474,13259,215,True,5,1510,1416,94
735b8576-36a8-46d4-9783-950581d32faa,12853,13270,-417,False,1,1343,1410,-67
7361fa44-6e87-4f45-b074-863921fdb30f,11305,11890,-585,False,3,1223,1446,-223
7366b57e-0345-46a4-a92d-180598d30104,12675,12873,-198,False,4,1674,1389,285
736a4e13-7b3a-4a78-8654-beb39837cf22,13041,12027,1014,True,5,1124,1969,-845
736dc7f8-35b4-4cea-b5c6-a61939a912ab,13599,13336,263,True,8,1758,1721,37
737c1e44-19c1-4e0a-9122-4d6b198faac1,13412,15998,-2586,False,3,1834,3666,-1832
73812f08-20d3-491c-b526-2828731e35d4,12514,12072,442,True,3,1925,1164,761
739143dc-f7e0-465a-b166-445258b75885,12889,11261,1628,True,7,1660,1122,538
73922fb8-4930-4ac1-a25c-b31e693ad814,12893,12607,286,True,4,1813,1359,454
739751ba-b0bc-4f0e-b93e-a7785ac993e3,13476,13155,321,True,6,1507,1559,-52
739b8d1c-f7d6-4c7f-8bfd-be110c197e87,12991,13059,-68,False,7,1396,1440,-44
73a06abf-1bc1-4c8f-b79d-d27015f1249c,11863,12986,-1123,False,3,1117,2711,-1594
73b848b6-deb9-4561-b052-0e35e8b1399f,16062,12499,3563,True,9,1441,1425,16
73cccf51-b416-4830-82c1-7bb53fab2abb,14027,12480,1547,True,9,1888,1393,495
73d0f62c-8b08-4003-ac55-64eb25ad32c8,12003,12236,-233,False,7,1299,1422,-123
73d21f22-d805-402f-8bbe-85decf933598,12251,11225,1026,True,8,1348,1179,169
73d37527-65ee-4b1b-8071-c10ac5072dbb,12569,12407,162,True,3,1961,1253,708
7401937a-9b95-429e-9e60-38707419fe17,13552,13641,-89,False,6,1582,1843,-261
74058e33-7206-4e31-b89a-e27dd591a8b1,13558,12787,771,True,9,1722,1388,334
741dbadd-4911-4b13-8ebc-256763ffc7f5,14588,13696,892,True,6,2043,1008,1035
742d1b42-c5da-4f2a-bbc4-907250bb15dd,13078,12900,178,True,4,1297,1688,-391
74333590-37d4-46b3-baeb-cbaa1bd1781d,13349,12584,765,True,6,1519,1228,291
744882f6-74c0-4573-a384-4d863136f2c6,13479,13092,387,True,4,1339,1062,277
745d065b-3584-4c16-95f1-fc04ba9b9fb3,13381,12465,916,True,7,1319,1016,303
745effbc-08fe-462f-b422-3df93bb8da7c,12491,12073,418,True,7,1434,1366,68
745ff29f-ec1b-4fe6-a238-9d6e42c95858,13152,12736,416,True,7,1627,1716,-89
74680a06-4039-4c38-8c7d-d6b4604772dc,14192,13172,1020,True,7,1504,1268,236
746ceb1b-09aa-4a27-960d-6de517a2c793,13212,13380,-168,False,5,1141,1488,-347
746e1e23-410b-49b8-8431-2bf7e37f2869,12610,12530,80,True,1,1416,1182,234
7478aa12-0082-4152-9ac9-094442986150,13033,12456,577,True,8,1472,1063,409
74896bb4-1927-4c0e-a16d-d72972762255,12412,12293,119,True,7,1448,1356,92
749267fe-ff25-41bf-801c-29093215b755,12827,13169,-342,False,1,1317,1163,154
74a5c901-d195-41b6-ba68-c7bfb0e1c27a,13573,12430,1143,True,7,1607,1334,273
74a739e9-0d12-40cf-b5b0-e96b438fe20d,13121,13039,82,True,5,1526,1498,28
74ae84b8-beb6-470f-a35c-23c5f563b405,13040,13393,-353,False,0,1373,1395,-22
74b996bf-3e3e-4a51-b8f5-cd4fff2132f1,13229,12926,303,True,4,1415,1313,102
74c68be2-878c-4c71-b8f6-f8ad82d8b21a,13769,15191,-1422,False,1,1449,1310,139
74c75c99-98a9-4c58-8344-be478e77193a,12156,11741,415,True,4,1524,1234,290
74d6b976-1135-459c-a8e2-6d991165b481,14144,14731,-587,False,2,1531,1558,-27
74da15b6-83e2-4fe3-97c3-859787af399b,13752,13478,274,True,4,1519,1411,108
75079d4f-838a-41d8-b3bd-f5746d1a16a2,13358,12979,379,True,6,1851,1555,296
750f7c9e-86b4-4aa7-bd52-5745f05fbbec,13173,13150,23,True,3,1629,1211,418
751eeacb-6d2b-48f3-ab1c-bfc4d7744150,14131,12177,1954,True,8,1386,1355,31
751f5eda-be44-439d-be81-d300bfde9c61,11759,12089,-330,False,1,1196,1217,-21
7523e7ff-e83c-47bf-84a1-421e510140d5,13223,12755,468,True,7,1200,1549,-349
752e6b12-22be-481a-aca6-1ab67d8edbcf,12835,13852,-1017,False,3,1713,2053,-340
7530bb66-b3af-4659-8fdc-37dbb3858a32,12808,13033,-225,False,4,1261,1353,-92
753205ee-6601-4f4b-bfe7-33af63f0fd0e,12558,14232,-1674,False,1,1381,1315,66
75396521-eff9-45f2-9f5e-049425940d5f,13177,12547,630,True,7,1438,1251,187
753e253a-a85e-4c43-b736-54db185a45cd,12800,13809,-1009,False,2,1509,1669,-160
7546f500-5e08-4df2-8d38-4f2b1b35e1cf,13289,13342,-53,False,4,1807,1458,349
75507f76-77a3-4ed1-9919-eac0b8e8c7b3,12829,11389,1440,True,9,1309,1197,112
75558d3c-6f7c-41af-8adb-e6e83b164616,11865,12076,-211,False,3,1152,1318,-166
758b6184-a9cd-4846-960f-fde64c874e79,13319,13705,-386,False,0,1565,1621,-56
7599b455-2208-4b88-b3cd-21c59eecfe68,13423,12790,633,True,5,1587,1498,89
75abb836-1602-4fe6-a69c-f73da7951dbf,13339,13407,-68,False,7,1374,1664,-290
75ace51f-b7b8-40d4-800d-6d173e88ecf1,13563,13801,-238,False,6,1617,1303,314
75b4f3b8-d99a-491d-8e3a-d01d0c96ce2a,13415,15195,-1780,False,1,1502,1333,169
75bd7114-ffd2-454e-a97d-29dd09198d63,12918,12241,677,True,2,1613,1116,497
75c33cf7-44b3-4439-994a-d27a308117b1,12808,12376,432,True,6,1334,1358,-24
75d8796f-1d0f-48aa-b4e8-f39036220016,11861,10098,1763,True,6,1043,870,173
75f33622-5e38-4909-a382-db6c7a453fde,12753,11882,871,True,6,1142,1517,-375
76018b91-6f13-41ce-b1f3-530e72068272,13443,12773,670,True,8,1601,1430,171
76050c20-e2aa-42c1-a8af-c1faeb90e0cf,13749,12805,944,True,7,1637,1312,325
7614a635-0c4f-4a03-89b0-c365789a88d1,12746,12494,252,True,7,1439,1671,-232
76153505-abc9-4340-8c3d-b6d65b856456,12290,12523,-233,False,2,1214,1398,-184
762f3be0-c71b-467e-ba7e-1febcc264a9f,13288,12317,971,True,7,1897,1264,633
763086bc-06b0-4810-b52e-509c8b819015,12604,13763,-1159,False,1,1678,1613,65
763990c7-3f9d-4041-b233-1ccca23f78a8,13075,13760,-685,False,2,1587,1558,29
764c88e1-edc6-4c5d-8136-f6f29fa935cb,12985,13730,-745,False,1,1665,1640,25
764e0197-7caa-469d-bb8e-33dfcbe43826,12935,14330,-1395,False,7,1296,3044,-1748
76516420-c031-4fa4-bcf7-cf03371d47cf,13171,12821,350,True,8,1413,1663,-250
7654774b-7f7d-40f7-94be-497aa53ea14c,13424,13012,412,True,8,1587,1377,210
765cf136-0bf4-41c2-8184-1e85c61f6ec9,13375,12199,1176,True,8,1489,1301,188
765eae0d-c451-48fc-a8b3-64b4a1954b68,13547,13708,-161,False,4,1387,2152,-765
7668298b-80c8-4688-a98f-97ee89c82920,13046,13159,-113,False,6,1312,1638,-326
767b5156-8a19-4dbc-af42-f8bfb12673c0,14098,14552,-454,False,2,2879,1993,886
76810d2f-7478-40b8-b513-17e16ad2a1f7,13354,14413,-1059,False,2,1218,1666,-448
7684628c-aac3-47b6-b809-2cee6a7817fe,12436,14045,-1609,False,0,1078,1905,-827
7685068d-af3d-4636-bb89-726668cddeb7,11771,13088,-1317,False,1,1198,1335,-137
76875c76-e95e-40e9-bcd0-5fa858728b3b,13673,13225,448,True,6,1246,1208,38
76a0e73f-12b8-46ed-a286-70e942cc5390,13491,11496,1995,True,7,1053,1032,21
76a2e04e-3838-4e3c-9e67-73522bf6ccf9,12760,13920,-1160,False,1,1651,2332,-681
76a41b81-d49c-4898-9be8-e72b9322e4d7,13011,12503,508,True,2,2019,1209,810
76aa2e92-950b-4a05-ad5c-fb2997e13070,12365,12095,270,True,2,1458,1295,163
76c6675b-a20e-479d-8627-b03ffc61e0ff,12657,12808,-151,False,3,1288,1514,-226
76d167fd-964e-479e-9462-6c4d2bf38bc1,13246,13371,-125,False,7,1661,2109,-448
76d326b7-b52b-400b-83b1-3811e83c852f,12795,13422,-627,False,6,1327,2047,-720
76d3b212-b48d-4e51-9dec-529bb8ec7d27,12387,13480,-1093,False,1,1389,1366,23
76d6dfd3-2a2d-4475-bfd5-b294f9f914ac,13214,13086,128,True,4,1476,1708,-232
76d77696-444c-40a6-8df7-db449b76acad,13465,12698,767,True,8,1476,1142,334
76dc985f-f3ed-4c8b-9da4-85ef869e9313,13461,13956,-495,False,5,1537,1546,-9
76e1ff2c-a606-472f-bd0a-fddda4fdd31e,12325,12682,-357,False,1,1347,1495,-148
76e81b66-af27-4fbe-929a-7ac1ccc42569,15089,12542,2547,True,8,1260,1074,186
76f2ce0d-11f0-495a-9298-355ea9510b44,12366,13352,-986,False,0,1762,1560,202
76f6df1e-4728-4681-a7fe-b3c0f28febd2,12721,13847,-1126,False,3,1295,1323,-28
76fd4fd8-9803-4d21-b3a4-9b7f5bbb20eb,12496,14770,-2274,False,2,1337,1900,-563
77077365-bf34-4633-a4a9-5390255a7d64,12703,13019,-316,False,0,1603,1306,297
770fd3f5-a375-4c11-99c2-4b1cc04de4ba,12707,14232,-1525,False,1,1096,2459,-1363
771ee5d3-7265-494e-965d-919a98645f9f,13155,13398,-243,False,5,1466,1561,-95
77202a2b-340f-438a-a75a-6be7b7a381f4,12780,13792,-1012,False,1,1327,1573,-246
7722d221-7cb3-476e-ad7d-787c4943ae9c,13660,13660,0,True,3,1551,1539,12
7729102b-187c-4aef-8de7-408f11e7b86a,13818,13430,388,True,5,1750,1487,263
772a0e1e-a0a3-4ac4-919b-462ca296235f,13780,14289,-509,False,2,1428,1252,176
772e6ff9-724d-4f07-a949-fe1febde8176,12578,12694,-116,False,4,1214,1633,-419
7732f7a2-cef5-4196-a08d-d23d7f381fe1,12308,13360,-1052,False,0,1445,1225,220
7742ec2f-27ac-4f57-a0bd-d3cbfd0dee74,13443,12954,489,True,8,1086,1548,-462
7748b049-fde9-4a54-81a4-003bcf9f5966,11802,12195,-393,False,4,1279,1527,-248
774ceb74-176d-4243-8e30-992fc504d3ea,14026,13577,449,True,7,1228,965,263
77592d4e-5292-4afd-8bf9-a14b8ef7ffcc,13697,14955,-1258,False,0,1815,1661,154
775e4e5a-d7ac-48af-9940-bda1d58de7ed,11783,12791,-1008,False,1,1303,1441,-138
7771e079-7d39-4117-a567-461288bec9f1,11784,12290,-506,False,1,1400,992,408
777a9d95-3db1-4456-9100-9f755ac1fc31,13622,13247,375,True,7,1750,1575,175
7780a7ef-d67d-49e4-bc4e-b47b0879ebb0,13128,11845,1283,True,8,1300,1559,-259
77886094-e7ce-4553-a96c-a824f02ec405,15119,15077,42,True,4,1456,1471,-15
778cbca0-2241-4ce2-924d-008e0464c6cb,13879,15126,-1247,False,2,1643,2004,-361
778ff610-8245-4cc5-977a-a9cf2f772147,13321,13911,-590,False,1,1585,1584,1
77a3b8b7-6257-4241-a578-c038d44178a6,13800,14000,-200,False,4,1562,1762,-200
77a7d678-3214-4050-824b-1fe88c72e6d3,12691,11832,859,True,6,1351,1150,201
77ab412d-6384-4f8a-a70b-0c0679494b18,12511,13736,-1225,False,1,1506,2005,-499
77ba82c2-eb37-46df-8696-b8beaf888f37,13332,14207,-875,False,1,1206,1892,-686
77be9fe3-1d7b-411c-a824-0422bb609704,13681,13386,295,True,7,1577,1444,133
77c35d3e-bec4-4066-8576-2b30b6741cd5,12664,12592,72,True,2,1621,1304,317
77d54005-1220-4cda-9129-f2e62b9e20ff,12967,13066,-99,False,5,1594,1726,-132
77daa07b-362f-46c6-93c1-4ee92b56506c,11819,12386,-567,False,1,1101,1278,-177
77db4a64-7a80-49e6-88c3-b93afea6fad7,13003,12723,280,True,8,1513,1597,-84
77f18cf6-35c7-4f97-b95b-a80a81e04749,13987,12753,1234,True,6,1607,1377,230
78091557-f3f7-4191-92b9-49faf7a6f12d,13068,13449,-381,False,4,2239,2162,77
780d0254-5461-4e64-92a9-28b8259e434f,13712,13746,-34,False,4,1481,1546,-65
780e28f6-93b1-478e-b2a6-43359042f377,13688,12504,1184,True,7,1539,1380,159
78247aff-bc00-460d-932d-aa0f800c13b5,14351,13110,1241,True,6,1622,1492,130
7843f472-9361-405d-865c-78262e2994c3,13027,11595,1432,True,6,2280,1392,888
784b243b-1d39-4673-9b65-71fd3e867758,13223,12189,1034,True,8,1407,1218,189
784f2682-a4df-4369-8a20-a19fb45d632d,12897,13710,-813,False,4,1579,1417,162
784f789c-b225-4c91-b2fb-c4d87ccfbac9,13328,13156,172,True,5,1419,1626,-207
785072aa-80af-4841-8d56-d217d2159ece,12617,14359,-1742,False,3,1464,2463,-999
78578665-d3e5-48fa-9c94-0858064189ea,14568,13643,925,True,8,1834,1594,240
787c007e-a2b3-4312-a608-88e075571b61,13616,13129,487,True,5,1582,1499,83
78894437-4377-4b42-a2d9-a8d246133561,14715,13955,760,True,5,1585,1422,163
788dd826-0426-4069-a0e5-7d103fadfbb0,13364,11960,1404,True,6,1631,1393,238
7895bb59-67ce-4ddf-b185-4cbb3369cdff,12618,13097,-479,False,6,1285,1477,-192
789b9451-a5a6-4067-a698-750867e86862,13238,14520,-1282,False,2,1963,2732,-769
789e7208-0f10-4101-be96-074c99dbea62,12178,12028,150,True,5,1444,1452,-8
78a148e8-f41e-438c-8137-12487626b2be,13534,12682,852,True,8,1251,1582,-331
78a17b64-ff44-485b-8def-94c47377f073,12286,13323,-1037,False,1,1285,1683,-398
78a5ac78-5b2d-4316-a448-4eac5611061a,11745,12409,-664,False,2,1245,1324,-79
78a6dd3b-b5c1-4c45-a7c4-7aa54ce93ae3,12910,12565,345,True,1,1681,1278,403
78c5d156-ec63-46c1-90c8-10a82ebedd24,13397,13099,298,True,7,1494,1588,-94
78c88418-c80e-43e4-abc6-2c774f8f4095,13789,13991,-202,False,3,1465,1934,-469
78d17963-aff2-49d0-bc5b-fab9abb0c120,11590,12399,-809,False,2,1456,1378,78
78de5f99-fa1b-41ec-9c59-dde8af403a67,14897,13805,1092,True,7,2174,2154,20
78e1ebc1-9d83-4601-98f1-714e637725ee,13755,11709,2046,True,8,1837,1171,666
78eb23b3-eb90-4e1b-8c1e-8c81f281564b,14062,12872,1190,True,6,1141,1131,10
78f5ab78-8da4-47b7-82ef-1a06490b2e5c,12348,11743,605,True,8,1305,1311,-6
78f7f55b-6bc0-4f53-8c49-2b352f959408,14006,12029,1977,True,6,1479,1482,-3
78fc1d8f-6bcb-4dde-91ca-6aa39914d9fe,11481,12384,-903,False,0,1299,1195,104
79030ceb-6735-4e8a-98e8-db9b58710079,11951,13501,-1550,False,0,1462,2305,-843
790b15de-727a-4323-bbb5-e21931c282d5,12416,13228,-812,False,0,1367,1525,-158
790fe9d2-99bf-47d9-9ee6-d8d8e87bffc9,12959,14041,-1082,False,5,1159,2091,-932
791a4954-5c3d-4c31-95c2-899e2e4bd47f,13633,13394,239,True,8,1638,1627,11
7921900b-fe8d-440c-9bb8-4419fd925094,14895,13631,1264,True,6,2479,1499,980
792ce0c9-7004-4f80-8d22-c781b19c9763,11766,12890,-1124,False,1,1325,1470,-145
79348ceb-dead-420c-b387-e88c6d104b7c,12264,14131,-1867,False,1,1120,1981,-861
79373f58-17a0-4e8a-8574-cca7e84ced2d,14798,13937,861,True,6,1653,1852,-199
7937e605-af32-41be-bb01-515f3597a8ec,14064,13805,259,True,2,1826,1080,746
793b1c0b-7c93-4739-aca2-caf4728f7507,13597,12413,1184,True,8,1794,1683,111
7943097d-ad20-4d8f-b524-d5895493ae8a,12649,10757,1892,True,7,1282,1004,278
79436c2c-5d9a-45e6-b501-f75476fbcd6b,12587,13417,-830,False,0,1539,1570,-31
7944f556-ae9e-417c-b1db-9a4b077eabe5,13186,12959,227,True,1,1688,1347,341
794b5c64-7b9f-4743-be54-fb1eacb768aa,13628,12869,759,True,9,1698,1195,503
795b3a53-40c8-456c-80c6-bee3a6465b17,13171,13074,97,True,8,1684,1805,-121
796cbd37-d030-4409-9399-ac0ba9d71b77,13581,13700,-119,False,1,1880,1420,460
797839f6-45fd-4819-b502-32d03019a0d1,13217,13125,92,True,5,1608,1271,337
798b9665-fd93-44b7-94e1-f4c572f2fba2,14100,12737,1363,True,8,1350,1515,-165
79993628-3dc9-4a91-8d97-4f68068e2d87,13352,12901,451,True,5,1676,1413,263
79b74fb9-6ae2-4304-a608-12b9480a3927,12944,14126,-1182,False,1,1953,1434,519
79be52f8-2e9f-4bb8-bf3f-cba0feb5afdc,12727,13371,-644,False,3,1448,1557,-109
79be99a3-5e73-4673-ab7f-d716adfde3be,12931,13025,-94,False,4,1577,1452,125
79cc7ac7-3123-4204-9867-8a51fdf1a6a3,11945,14427,-2482,False,0,1758,2015,-257
79cccae9-f849-4a7a-951b-5d1ed90d8a5b,13331,12548,783,True,3,1573,1486,87
79df2396-3251-4878-bcce-0869258d0205,12015,13684,-1669,False,2,1519,1962,-443
79fe16a9-467d-4308-9f12-1fc527c42fb7,13548,13192,356,True,8,1428,1925,-497
7a10fde4-4e08-4168-b49b-f03b0335e992,11924,12640,-716,False,2,1180,1904,-724
7a128592-4f65-44b7-8599-326b474044b5,15369,11773,3596,True,7,2393,1021,1372
7a14555c-780a-43d2-8c91-efdcbbeeee13,13895,13369,526,True,8,1395,1155,240
7a16f072-99d3-4dcf-ae13-29213d60926b,14096,13260,836,True,7,1497,1528,-31
7a2daf1d-e36d-49a9-8e1e-683e15a1ee57,11489,11474,15,True,6,1367,1216,151
7a2e942e-8447-41d6-8749-1490da83a67c,13423,13308,115,True,4,1401,1226,175
7a307283-15c7-4544-8545-eeb7835a3ac8,14092,13566,526,True,3,1613,1281,332
7a3329c2-511c-48c6-8e5e-de83971fd9ed,12331,14222,-1891,False,0,1446,1612,-166
7a3568f9-ea26-4805-b292-6059e6c4127a,12996,13537,-541,False,1,1338,1705,-367
7a36aa86-352a-4132-a0fe-f7f429e720d4,13301,12608,693,True,7,1607,1273,334
7a378a51-edcc-484d-b786-3396406d4860,12117,13247,-1130,False,3,1188,2155,-967
7a3d4dda-8516-4326-b471-28300550ffe4,12202,13462,-1260,False,3,1227,1367,-140
7a4667ab-26fe-4992-9bdb-ae5ec647c192,13800,14044,-244,False,3,1553,1884,-331
7a4e235b-a7ae-4f46-a0fb-b2589968dfc2,13119,12930,189,True,4,1462,1182,280
7a519403-77b8-4b13-8c5e-ffedcf5cbfa4,12925,12888,37,True,2,1375,1267,108
7a61a794-4e64-4037-a182-7b47c03352aa,13799,13675,124,True,8,962,1209,-247
7a7b061b-1cb2-4c3a-ae6c-36496a1881a3,13359,13376,-17,False,2,1602,1565,37
7a7fde93-6164-4960-9ac5-dc4ee83d0b5b,14362,14550,-188,False,0,1967,1669,298
7a7ff7d7-bdc1-405d-a10c-947b60cfd265,13263,14863,-1600,False,0,1578,1698,-120
7a82f540-1048-40b9-b48d-ac71d58a81be,13625,12718,907,True,7,1306,1399,-93
7a838deb-313e-4341-a351-dc074d8a35f2,13930,11917,2013,True,8,1953,1098,855
7a89aa99-134e-4328-bf20-206874921397,13317,13042,275,True,2,1579,1091,488
7a8d1d2e-a042-4980-8e91-477a269d6658,14288,12851,1437,True,7,2345,1667,678
7a98005f-de43-4cb1-9000-138846c0c4f2,13265,12608,657,True,8,1400,1283,117
7a9af9bf-fb2d-480c-b03d-9ba7df2a0e4c,12804,14031,-1227,False,1,1380,1462,-82
7aad37d5-174a-4425-acc2-f6385bb064f1,13974,12587,1387,True,8,1372,1626,-254
7ab45483-e027-46ee-a795-ecd980a89afd,13067,12861,206,True,3,1572,1363,209
7ac1fbbc-73df-43ab-a1ec-36d31d883f6c,11256,15315,-4059,False,0,1009,2487,-1478
7ac2a333-4107-4477-8401-9f4ff549922a,13756,12556,1200,True,8,1584,2079,-495
7ad6ca8d-284e-4649-87aa-c52209650072,12762,13675,-913,False,1,1548,2275,-727
7add6882-e40b-4a9f-afd5-d4dd5ab0641a,14698,13821,877,True,8,1772,1506,266
7aecfa77-04e4-4c82-bb56-e4ffeefe819c,13857,13238,619,True,7,1318,1426,-108
7aef23c5-d4c6-40cc-9275-482459651486,13836,12855,981,True,9,1261,1395,-134
7af1eff4-0065-47c6-b573-e1c3c440fbc6,12755,13378,-623,False,0,1275,1310,-35
7af4bdb7-a6fb-4413-b17b-496a919741b0,13754,13375,379,True,7,1593,1681,-88
7af73135-5522-4040-acf6-a55869136ddf,12111,12278,-167,False,1,1234,1260,-26
7af82a86-44b3-4125-b3aa-9c7818012365,13566,12336,1230,True,7,1485,1231,254
7b06d8cb-4694-4f89-9020-5cb643502e47,11791,12675,-884,False,2,1316,1108,208
7b0eb7ad-7838-48bc-8905-e65de9315d7c,12553,12706,-153,False,3,1434,1580,-146
7b202595-9b85-44f8-a58e-c6249e3499d0,12969,12484,485,True,7,1635,1448,187
7b24f476-308d-47b9-8ea1-1d96df560660,12717,13226,-509,False,1,1155,1775,-620
7b3cf5bc-8b44-4b17-8036-2b18a7a17027,13995,13906,89,True,5,1613,1438,175
7b44198a-5671-41bc-9866-cd962f100777,13860,12739,1121,True,7,1879,1460,419
7b4ce810-409c-4dad-96c4-f9ac9e7b9baf,12765,14386,-1621,False,1,1332,2210,-878
7b5696c4-eda0-4366-85cf-92995c0923cf,15123,11696,3427,True,8,2825,1139,1686
7b616568-6465-4743-849d-006f9a748464,14461,13528,933,True,9,1704,1485,219
7b6264ed-1194-4f3d-877b-01a3b683b050,12914,13103,-189,False,2,1637,1459,178
7b7ae0bf-7606-4327-bef7-29d6895be607,12400,14025,-1625,False,0,1357,1732,-375
7b7b5174-8645-4d2e-9fa9-c96a75927916,12136,12211,-75,False,1,1403,1094,309
7b9d0504-c1d1-4f18-838e-951345785735,12829,13464,-635,False,5,1159,1326,-167
7b9fcb09-1f30-4fec-9e51-3140cca353bf,14693,14520,173,True,9,1751,2106,-355
7bbd6da9-7cac-4675-9ff3-38efa9bcb8c0,12972,12293,679,True,8,1495,1231,264
7bbe9e4d-51b3-4c76-b406-e8de637395d3,13250,13495,-245,False,5,1648,1562,86
7bc212b1-4e07-4ca9-b8fd-1903450e1d7c,13206,13346,-140,False,5,1488,1512,-24
7bd5d8b6-cb32-4128-8d1c-3821459e749a,13897,12777,1120,True,8,1607,1443,164
7bd65994-14ba-4bc3-8f0f-7d6ec16bdd60,12847,13378,-531,False,1,1410,1570,-160
7bdd6ccb-ff8f-431b-81ce-5774fae41db8,12944,13669,-725,False,2,1457,1267,190
7bdfdc9f-8a17-4bfe-9df0-579f9b306142,14249,12910,1339,True,8,1620,1434,186
7bfbcdd3-eace-4e46-a926-1321e5df9b59,14270,12625,1645,True,8,2237,1636,601
7bfca69f-367c-4a5b-8e56-78427837ae9c,13283,12938,345,True,4,1371,1528,-157
7c1094b8-941c-4173-a224-6343aaa84e1c,12998,13600,-602,False,0,1300,1282,18
7c1e4c5f-7db4-466d-af46-91e3d26876e1,12701,14121,-1420,False,4,1001,1442,-441
7c263901-d56c-416e-a9ea-3908be99b676,12863,12537,326,True,5,1517,1236,281
7c28bf0a-8069-4b43-b471-98dc9fcc67d9,13973,15968,-1995,False,2,1750,2431,-681
7c2c8a4c-b2a7-4d13-b97e-dca0dc0c933c,13951,13717,234,True,4,1614,1457,157
7c3178c0-f288-408c-b99d-2ed893ee5ccf,13775,12811,964,True,8,1513,1546,-33
7c4114d8-4be4-4c11-bf99-89d5002e6791,12622,12885,-263,False,3,1408,1479,-71
7c57275c-a019-4add-92c7-0b01f24e1a3d,13119,12776,343,True,1,1856,1218,638
7c5a337a-165b-4917-b5a1-7f49b7e2844c,11736,12066,-330,False,1,1426,1077,349
7c7cadea-73ca-4100-8d82-639b52163e21,14059,12872,1187,True,6,1652,1360,292
7c84a402-d057-44ce-ad13-d3dc16614b09,12863,13162,-299,False,4,1271,1676,-405
7c8a0773-5694-45b7-a09f-3a99b274f95d,12136,11921,215,True,5,1127,1109,18
7c8c2d39-e6cb-4ee8-a392-aaf6e11d1bd2,12771,14347,-1576,False,1,1434,1574,-140
7c8cb96f-2ff3-465c-8401-dd7b7b0636e5,12097,12725,-628,False,2,1444,1118,326
7c974027-3dc1-4c26-8225-e200f07acda1,12149,13013,-864,False,2,1056,1502,-446
7c9817b9-a280-44cd-870e-ed32991813ce,12917,12025,892,True,6,2043,1114,929
7c9afd77-9890-4527-9d67-bc5abed5c772,13039,13341,-302,False,3,1436,1640,-204
7c9c74aa-02f8-47c3-a816-429ff913eedd,12916,12554,362,True,7,1458,1397,61
7c9ee57c-42ce-43ee-a815-d74a85149f34,13029,14000,-971,False,0,1363,1875,-512
7ca4c354-5d0d-4ccb-8a38-d8c1e8fab3d6,12929,12300,629,True,7,1501,1438,63
7cac9e7a-850a-4b12-8c63-d9b949637772,15409,13454,1955,True,7,2460,1692,768
7cba207e-0895-4543-ac4e-3f1bca6b1002,13654,13028,626,True,8,1619,1467,152
7cc89f7f-657e-4a7c-9aa4-ea0b1e744f3f,14004,11481,2523,True,8,1819,1364,455
7cd94e1b-c0a4-4fe9-9bd9-b3f3af73747d,12726,12967,-241,False,6,1480,1741,-261
7cd96c11-bcf3-4de0-a0e4-aef4be460029,13725,14202,-477,False,0,1511,1291,220
7cd9d85e-fad7-4ac0-a035-4a80df4a56b3,13853,12138,1715,True,8,1854,1297,557
7ce33db3-5063-42cf-9768-7ca378251955,13323,14294,-971,False,3,1979,2863,-884
7ceb275e-b6cf-44e6-b061-7b3f071b1e14,12774,14501,-1727,False,0,1525,1494,31
7ceddb46-c72c-4b01-b47d-9727d7c371a3,13999,12955,1044,True,8,1708,1827,-119
7cf5b8d5-4166-401e-9d31-55c41a33681b,12398,13222,-824,False,3,1173,1794,-621
7cfb46f6-97bb-44b3-b95e-9878f7dd1222,14448,13326,1122,True,7,1670,1601,69
7cfe1c98-3518-48c6-8208-a0fb6f01bce5,12975,13067,-92,False,4,1575,1573,2
7d1a29d6-ed37-42df-8949-c7da417e4942,13164,13047,117,True,5,1222,1406,-184
7d1a6110-6069-417b-a738-24a34e6ea6e9,12010,14285,-2275,False,0,1322,2059,-737
7d23bf4c-dcb3-4cd7-a410-eb9d125b61e6,13331,12976,355,True,7,1481,1390,91
7d256c8e-f0b3-424d-ab68-6627372deb1a,13983,14383,-400,False,3,1792,1488,304
7d26e83b-65a3-4ba9-8007-e8d435584f51,13682,13284,398,True,4,2054,1521,533
7d2c7909-788d-47db-9495-00d6c9e8cc07,13093,13354,-261,False,5,1522,1539,-17
7d2ef259-2d32-474c-a8d3-2c35bf52d0bf,13592,14210,-618,False,5,1441,2325,-884
7d2ef6dc-03ab-4a80-b7d9-6e93dd7696fe,12555,12449,106,True,2,1360,1257,103
7d47ec77-5148-4e8f-b3e2-ee61182cae33,13748,12600,1148,True,5,1202,1408,-206
7d482b3a-07a8-4169-b43c-832f0c504d3c,13030,12651,379,True,7,1208,1406,-198
7d4bd731-edbb-4f07-8dad-0d55e3dd6465,15652,11637,4015,True,8,1584,1388,196
7d517190-c008-4fbb-b743-532708dc500a,12732,12844,-112,False,4,1307,1665,-358
7d5a97b0-c309-437b-9428-7906a8e2c098,12494,12576,-82,False,3,1833,1164,669
7d6252cf-7d5d-4973-86c8-1b83ba1972d2,13541,14237,-696,False,0,1528,1968,-440
7d69a5e0-1ae2-409f-a85f-1daa7efc37ce,13360,13574,-214,False,2,1526,1746,-220
7d7728d9-6af1-4df3-bc4e-56fa3cf37679,13711,13116,595,True,7,1554,1554,0
7d799bf8-b732-45a0-bffd-9c2e64f69aa9,13900,15199,-1299,False,0,2454,3202,-748
7d82ab98-7ee3-4d60-a61f-994e3e487cda,14444,12931,1513,True,4,2260,1373,887
7d846775-2b67-48b7-89de-08cab61e3d9b,13323,13186,137,True,8,1354,1766,-412
7d87026b-9d4c-46b1-aaff-4684f71c0c88,13271,12857,414,True,8,1486,1536,-50
7d883793-00a3-4819-b40d-fca28fb35829,13656,12812,844,True,7,1834,1187,647
7d912ebd-5eb0-4274-a364-5fe1878c427c,13999,12529,1470,True,7,2059,1621,438
7d99eeee-eb1d-491b-aab7-dfa921d5daf0,14491,13568,923,True,4,1954,1502,452
7d9e9573-d3d1-4bd0-a897-90f2409684a7,13441,13295,146,True,6,1844,2123,-279
7d9fcaa3-6aa0-442f-950c-be1d24955b12,12883,13693,-810,False,0,1118,1772,-654
7db06dd5-08e2-43cf-98ea-1b4c82e58c07,13404,12798,606,True,5,1680,1434,246
7db857d9-ed22-4eba-b108-22a290085db4,13471,12466,1005,True,3,1848,1527,321
7dc19f2e-cd73-44ca-a6e0-cbd98a8326d1,12609,14817,-2208,False,3,1494,1321,173
7dc42cf8-ff76-4547-a072-7678a083e545,13562,14308,-746,False,0,1669,1538,131
7dc51ada-1934-4547-b2be-079f5d9f8c39,13702,12103,1599,True,8,1327,1636,-309
7dea50a6-409a-4cd8-81d6-779be47d7672,14267,12684,1583,True,8,2265,1889,376
7ded7102-aa31-488b-805c-15f7d14a27c5,13450,15338,-1888,False,1,1658,1340,318
7dedd0a3-7d87-41d1-be5a-3ca5c33f3c46,13551,12663,888,True,6,1278,1646,-368
7df2a916-da57-4f89-8d21-1bbc2ae4ca50,14182,14074,108,True,7,1505,1668,-163
7df4f291-0d9c-435c-8224-9e65887d305a,12061,12649,-588,False,0,1422,1400,22
7dff17f9-6ede-47f3-9ba7-35f115651a8c,14112,13189,923,True,2,1282,1339,-57
7e09bdd7-adad-4da9-93d7-bac131ee0545,12946,11567,1379,True,7,1486,1040,446
7e12cf61-a5ce-475b-b2bf-12d0da00b27b,13657,14478,-821,False,2,1523,1542,-19
7e175e31-6b4e-4f9b-bf97-5e6e46a841af,13558,14882,-1324,False,1,1459,1831,-372
7e1ba830-5deb-4424-ade0-61b5ffd7a6cf,12807,12935,-128,False,2,1400,1573,-173
7e3d1f7f-ea0e-4c70-8473-cc98d5c6d3e5,12233,12368,-135,False,1,1309,1441,-132
7e400874-c3d1-4086-9aa0-2ad74f33c71b,13208,12998,210,True,6,1282,1634,-352
7e48fb71-ef49-4ec1-9185-082164f607b2,12981,13754,-773,False,1,1417,2157,-740
7e6f2ad2-820f-4cf9-89ca-56b424eb3e62,13008,13499,-491,False,0,1339,1643,-304
7e7469c6-cdf4-4ab9-975b-d9902a359e5d,12176,15414,-3238,False,0,1349,1104,245
7e7546f2-f025-40f1-8824-dbcf298c0d9f,12552,13898,-1346,False,6,1291,1684,-393
7e76834f-7149-4e30-89b2-4b2cc8d60cff,14286,13368,918,True,7,1913,1547,366
7e7a34a4-a931-47fa-8cb1-80b6d56dbac0,13800,13235,565,True,2,1730,1122,608
7e8c5b0c-348b-4069-90a0-41ad50738b99,13304,12599,705,True,8,1727,1464,263
7e926657-fc8e-4ad0-9c13-d3fcce8f53ba,13285,13737,-452,False,2,1306,1186,120
7e94af40-40a3-4b75-9417-556494e0247d,13513,12079,1434,True,8,1370,1226,144
7ea2753b-0738-491f-89d2-327dbb6296d2,14192,12996,1196,True,9,1498,1776,-278
7ea31d2b-7fd6-41cb-b95b-4fd52c481755,12920,12828,92,True,2,1548,1410,138
7ea382e2-ac4c-4162-8606-9f44c1fe78db,13705,13176,529,True,5,1519,1307,212
7eb35b9d-9177-4de8-9f4c-195e78ec0334,13082,13254,-172,False,6,1350,1932,-582
7ebde4e0-2cc7-4682-9ffa-0164a931b7d9,12443,11746,697,True,2,1415,1050,365
7eceac25-8890-478f-81af-2f502324034b,16673,12544,4129,True,8,2293,1367,926
7ee88226-9130-45bb-b42f-f597e83edb55,12329,12786,-457,False,0,1439,1221,218
7efc5340-9015-4cd0-9606-7c34cc375556,11735,11788,-53,False,0,1364,1348,16
7effc2ab-334d-47ca-a40a-93e955a265ee,14045,15053,-1008,False,2,2618,3008,-390
7f141686-65b5-4812-af5f-6c8a234e024d,11952,11911,41,True,6,1384,1515,-131
7f18f759-3413-4543-b4df-28422f93a29c,12249,13759,-1510,False,0,1237,1556,-319
7f1c26a1-2d54-4cec-a40d-c5ad308cc8c6,13705,12197,1508,True,9,2143,1486,657
7f2f926f-4d03-471b-a09b-1420be2ea334,13257,13718,-461,False,4,1187,2046,-859
7f314e21-6bbf-4a50-9a18-6eeca4fc7365,13085,12542,543,True,8,1486,1378,108
7f3cc2b8-7704-4898-851b-608425a0a1dd,12914,14047,-1133,False,1,1892,1532,360
7f4a2815-c2db-4185-ac25-d259e919c14e,13419,11818,1601,True,7,1585,1242,343
7f50043c-8917-4a13-8097-af66f5524086,13567,13270,297,True,8,1621,1274,347
7f565c55-9436-4508-8b3f-823f5d8cfe62,13460,13268,192,True,6,1658,1499,159
7f5a7358-3df9-4fdc-84c5-ec8676370863,13413,14233,-820,False,3,998,1258,-260
7f5f45a0-bfc1-457e-b79f-dd45149dc0d1,14019,12552,1467,True,7,1747,1258,489
7f694d3e-d122-4862-ba1a-d62f63cbbab0,13377,13667,-290,False,5,1561,1411,150
7f7d28c7-5e5f-423b-a494-c8c3412029b2,12474,12683,-209,False,3,1315,1037,278
7f8ac045-b384-49d8-9541-f6d0ad6aaa45,13478,13031,447,True,5,1453,1514,-61
7f8ed000-0020-4224-bbbc-4d274b422cbe,17036,13733,3303,True,6,3540,2372,1168
7f8f9677-864a-4d70-9247-88a2954feaf7,12690,14218,-1528,False,2,1442,1761,-319
7f921f83-73df-4575-9628-114abbc11e55,12583,13009,-426,False,0,1408,1368,40
7f9d9947-48be-4348-9982-e0841d54e169,13365,13296,69,True,2,1666,1468,198
7faa22f3-d007-4a6f-926f-95e097b27c47,12892,13606,-714,False,1,1714,1763,-49
7faeffa6-f1f7-46bd-b3e7-3e76c26ee499,12727,13767,-1040,False,1,1400,1579,-179
7fb80d93-daff-423c-be44-d4a19e24bb5e,14267,13286,981,True,7,1808,1572,236
7fbacd6d-640e-4c32-b02e-1eca937a5b7d,12970,14261,-1291,False,3,1353,1906,-553
7fbba437-ebde-4dea-820d-e3c69b1f4209,15137,12675,2462,True,6,1449,1465,-16
7fca1508-a95b-4165-a90f-26c6f3047153,12176,12801,-625,False,1,1129,1466,-337
7fcbe272-72f1-4346-aac0-c0451ca3126b,13685,13439,246,True,3,1647,1159,488
7fcd0c69-8ca7-459c-a7f8-a892cc799672,13317,13046,271,True,2,1094,1599,-505
7fcf422c-d2bf-46b0-8480-12e7da141729,12166,13726,-1560,False,1,1109,1341,-232
7fd32212-36c3-46c9-8184-3ec6a06360bc,12792,13724,-932,False,1,1689,1472,217
8003f8fd-0c42-4259-aaad-98f5f4ff6d0c,14930,12941,1989,True,5,2700,1112,1588
800ccc7a-e459-4317-8b49-ab6a3fdd22e4,12811,11987,824,True,6,1227,1311,-84
800f0a37-2fba-45aa-9118-3184a28e810d,14081,13505,576,True,7,1581,1844,-263
80189e52-b0c4-458f-8044-e85be914d61c,13216,13142,74,True,1,1570,1409,161
80207652-5aac-4d35-8575-6fb976393b54,13754,12766,988,True,5,1908,1226,682
80447c18-387d-4400-812d-2213429083ed,12902,13155,-253,False,3,1665,1636,29
80466d62-96cf-44d9-9cdd-dbfcf50a84a9,11573,12354,-781,False,2,1195,1583,-388
804c2082-ae89-4498-ac32-59750ebb5c85,14489,12878,1611,True,8,1547,1098,449
804fbf45-a6aa-40d1-9f6e-3d8f7acc6d1b,11081,14223,-3142,False,0,1286,1504,-218
8055f5ee-c18d-43b4-9c79-f9f6610e831b,14113,13989,124,True,4,1700,1489,211
805d4b13-baf4-4313-bc61-4ad21a019f70,13552,13690,-138,False,0,1619,1605,14
805e300e-ac39-4d26-8880-be531c622959,12701,12497,204,True,3,1665,1351,314
806160b5-7d1d-49fe-8823-3914ee7dd366,13029,13603,-574,False,4,1342,1172,170
806aead3-c696-4919-b2b5-59b701a3fc6c,13349,12931,418,True,6,1350,1583,-233
806eeb3a-1026-4fbd-93de-8578271bed44,11404,12570,-1166,False,0,1225,1422,-197
8080d0b0-a382-46ff-9f23-5abd87c3c1fc,12576,12791,-215,False,7,1308,2286,-978
8091a84a-4a11-4e3b-a0b5-b277c9f9b45e,13543,12658,885,True,7,1858,1500,358
809c0e00-6e83-4e8e-9dda-fd5aab93c4a0,13255,13771,-516,False,0,1433,1403,30
80ac8c41-6047-4ca3-a8a8-d17243a2142a,14067,14356,-289,False,2,1244,1491,-247
80bcaa5d-9f18-4041-9e2d-76237b00e5e0,13397,13928,-531,False,0,1998,1527,471
80bffd3f-25f7-4ae1-9f38-4d317a0ebee5,12937,12999,-62,False,0,1323,1342,-19
80c8145a-03f1-45e2-9a6e-ee6bfdce2986,12587,12777,-190,False,2,1358,1603,-245
80ca07e5-d1b2-45f7-b2ea-7f9604dddf59,13424,13648,-224,False,0,1546,1278,268
80d44915-a21a-4f41-880f-19f4d31a3462,14339,12641,1698,True,3,2755,1184,1571
80d7a315-7b2e-44d1-9d75-1000375821a9,13349,13859,-510,False,3,1236,1789,-553
80de2f68-dc30-49dd-8ed6-e77b04543dfd,13727,12431,1296,True,9,1384,1332,52
80e0b029-be60-4a0a-8560-6f4d17bfed1c,13581,13827,-246,False,2,1540,1311,229
80eb32bc-9aa1-4347-b5ad-fc9406d17748,12525,12859,-334,False,1,1417,1378,39
80edabdc-8b80-4e0e-aab9-b44101772ba2,12719,13262,-543,False,2,1465,1613,-148
80ee59ca-0cdf-49f8-b9ec-4c51c0125cc9,13916,13241,675,True,7,1622,969,653
80ef9c81-885b-40f1-9e8d-c56a858db66d,11549,13412,-1863,False,0,1211,1640,-429
80ff5b62-19d1-4fed-be47-002460235763,14363,13063,1300,True,8,2069,896,1173
810201e3-681f-48cc-83d0-3ba59e52f35f,13072,14093,-1021,False,3,1129,1904,-775
81091547-93a8-470f-aadb-3809eaa8d5c8,13346,13434,-88,False,2,1619,1632,-13
81199462-141e-485f-8d56-6cb04ca77073,13703,14890,-1187,False,3,1802,2735,-933
812409bc-b78d-43a9-82a6-98cb911f2f5b,14475,14720,-245,False,7,1462,1936,-474
812483f3-5530-47f7-95b1-1010f0591159,12872,11795,1077,True,6,1473,1301,172
81257929-ffcf-4881-8f8a-1a3f17bc81ba,13944,13489,455,True,5,1465,1386,79
8127e16e-cd88-421c-8275-cab517ba3bac,14162,12752,1410,True,7,1494,1492,2
81316e78-51fc-4cf0-9f1d-df081a854f01,11340,11645,-305,False,0,1213,1413,-200
81335125-3f31-4729-83c0-772b644b1b6b,15695,12742,2953,True,8,1602,1863,-261
813aee87-bcab-4f66-9c76-11d0e4341acb,11636,11474,162,True,3,1045,988,57
81414881-5614-4fcd-a26e-89f974ccf292,13497,13156,341,True,7,1435,1623,-188
814ef376-07bb-4939-9b1f-0ff6c153120d,13129,13428,-299,False,0,1380,1446,-66
8150cfc9-8b35-4275-bfa2-e08f9b8923ce,14089,13045,1044,True,7,1441,1364,77
815c46ba-1145-4510-9ff2-611ffd99070f,12185,11570,615,True,5,1349,1550,-201
815cb89f-886c-413b-9880-c6ccacd599cd,13089,14003,-914,False,0,1367,1670,-303
815dfa58-08bd-4bd0-91f8-619c20530fb2,12803,12483,320,True,8,1211,1403,-192
8160b53f-417a-416c-bd66-41b115e91039,13025,13394,-369,False,2,1390,1366,24
8164174a-aa38-412a-bd96-e205b75e8882,12864,13507,-643,False,1,1517,1662,-145
81674268-19f5-4737-ae41-bd39a924ea64,13508,14893,-1385,False,0,1220,2033,-813
816f25b1-a986-4a42-843f-fcc44b69383d,13339,12648,691,True,8,1345,1235,110
817082a7-c857-434c-b224-5da7fef3762f,13837,14474,-637,False,1,1396,1588,-192
8175eb7b-c3a0-428c-a846-daca833217eb,13038,14028,-990,False,3,1678,1727,-49
81785e25-4b93-4374-b6f1-ee4b04b699e5,14734,11998,2736,True,7,1979,951,1028
8179adf9-bd46-4d72-93f8-e3c2dc5a3f5a,13061,14000,-939,False,1,1540,1554,-14
81869202-f843-4c22-8792-3f015f989679,13179,13107,72,True,7,1373,1446,-73
8194593c-bb3e-4fae-b836-dd12e305bb24,12513,12891,-378,False,8,1011,2169,-1158
81a132dc-8412-4be2-b798-1abc10d96046,12320,14027,-1707,False,0,1234,1557,-323
81accb07-d66c-4a70-b06a-7850a7dc56f1,13206,11990,1216,True,8,1438,1253,185
81b81d8a-365e-43df-b177-cda08f2dfae9,13296,13260,36,True,6,1239,2294,-1055
81bb480b-da84-443e-b262-1703335aeebf,12672,13182,-510,False,2,1299,1834,-535
81c3af07-aa0a-4ed2-a65f-e2c2e13b6eff,13706,12556,1150,True,8,1604,1476,128
81ceb581-3511-4116-b5ee-00c9e7c4ce37,12033,12017,16,True,4,1486,1124,362
81d0b4c6-74f3-4287-8a2b-043172133ef5,12837,12191,646,True,7,1459,1491,-32
81d65be3-a549-49e3-ad92-0430d4b2a494,13422,12820,602,True,6,1399,1398,1
81d6929d-1952-4049-b78a-b9e15b36c325,12879,11977,902,True,7,1960,1191,769
81f4fd5a-2db1-4dd6-a60a-df6ec8137aa0,14073,14479,-406,False,3,1703,1548,155
82057056-d091-4617-b886-6748f94de449,13476,13262,214,True,7,2013,1624,389
820627aa-6af4-461a-827e-e81d4e079f85,14889,13278,1611,True,7,2079,1401,678
8207c910-5eb5-4f28-96b8-f7f7c59f9863,12371,14031,-1660,False,1,1433,1280,153
820d1ace-2665-4283-95bf-44d480bcb3ed,14253,13321,932,True,5,1392,1239,153
821a2c5a-196a-4e5c-b8ba-57a0894b66e5,13335,14060,-725,False,5,1407,1440,-33
821d3a6c-7b1b-4b90-9ecd-9516a729d04e,13605,13107,498,True,7,1346,1505,-159
82203395-8b52-4ae1-8375-45dd8fc11757,13927,13339,588,True,5,1568,1414,154
82215221-5bfd-4ea4-a4f5-abb3597723cc,13152,12892,260,True,5,1129,1420,-291
822735f2-a33c-457a-8100-3844e11643fc,12962,12942,20,True,7,1425,1583,-158
822a0dd1-6a26-468d-a4d2-4a35ff936ca2,12361,13326,-965,False,0,1465,1695,-230
8245e229-24a7-40ac-9c58-e8f5d706bcf9,13425,13893,-468,False,1,1654,1463,191
824fca81-6ad8-4961-b86a-c0f2fdbf154c,13566,13518,48,True,6,1203,1562,-359
825065c4-5bde-42e2-aa0d-19be23d88993,13057,13513,-456,False,4,1582,1340,242
8257fb0e-2790-4922-94bd-b5e8768dacb7,15058,10787,4271,True,8,1338,1306,32
828b34ad-85ef-4ee6-838b-2e84cdf965ae,14535,14162,373,True,8,2148,2312,-164
8295c19a-59c4-4790-9f64-1e8e4e683355,12342,12196,146,True,8,932,1416,-484
82a10d5a-e236-47e7-92f5-cc4e543c3c46,12971,13729,-758,False,2,1593,1929,-336
82aa7718-0aa1-4d95-be61-a6ca94f47021,13813,12143,1670,True,8,2289,1523,766
82b01ce8-2c7b-47e2-bb45-6849c74862f2,13580,14175,-595,False,2,1672,1825,-153
82b6993d-a289-40cb-a134-74cb85f674ad,12404,12875,-471,False,1,1527,1595,-68
82bd2a12-eda6-4c91-9954-3b08f4607d68,14166,12698,1468,True,8,1505,1415,90
82cec91b-a193-4675-9949-f4aeb13c1452,12094,12702,-608,False,3,1412,1488,-76
82d5a142-5fdc-4e9c-af6d-4193d69d5416,14121,12734,1387,True,8,1486,1533,-47
82dc1bbb-7015-42f4-b865-ad3eaeb8b133,13310,13718,-408,False,2,1152,1666,-514
82f58085-c033-4009-9d19-94ca759dfc87,15120,14530,590,True,5,1700,1474,226
82f984bf-72f1-467f-b648-7e7f438cd046,14028,14721,-693,False,4,1539,1528,11
8302d9ce-3825-474c-b141-55c6ede4dd4f,12967,13498,-531,False,4,1544,1612,-68
83088320-2921-4f67-8da0-9baba01f2bf0,13082,13943,-861,False,0,2220,1488,732
831f4086-1784-42bd-9719-207a504ace6c,12932,13971,-1039,False,6,1394,2243,-849
83225646-44fc-4b24-b429-fc5f779bd968,13196,12771,425,True,2,1598,1163,435
8332ac75-6aa4-426f-a393-581affcfba2c,11945,12899,-954,False,0,1523,1457,66
8337293b-89ff-4572-b5f4-4211cdfecb8d,13218,13270,-52,False,5,1274,1229,45
8337d01d-2ade-4e7f-9430-295e5283b0a6,14910,11967,2943,True,8,2083,1259,824
833c78fe-9f2f-43a6-870e-49df48d67eb1,12962,13418,-456,False,1,1280,1594,-314
834c3fc8-85f7-4af3-8cf6-dff469a4271d,12776,14680,-1904,False,3,1141,2721,-1580
835d6246-c7bf-4b53-90d6-12c2b816d037,13540,12541,999,True,2,1626,1359,267
835d7ea3-60c6-4391-b7d9-56c2f465b9a9,13817,14002,-185,False,3,1704,1577,127
83627c3d-9c91-4a64-beb8-771ab66df3be,13603,13926,-323,False,2,1517,1566,-49
8363ef14-842c-486f-9d73-666cecc84733,15529,15917,-388,False,3,2679,1602,1077
8370f543-4013-4ef3-b7e9-b4ca36d079f4,12819,12601,218,True,8,1482,1507,-25
83734731-3adb-4a05-a966-54b6bb914811,12426,12990,-564,False,0,1440,1417,23
83752254-2396-484d-9e0f-f91262c7dcec,12560,12346,214,True,3,1379,1439,-60
839121e0-5949-4b5e-8825-3f554fc291ba,15383,12163,3220,True,8,2571,1245,1326
83985a24-2054-4807-8bcf-d4835b913f76,13171,13759,-588,False,3,1312,1553,-241
83a4dbd9-090e-4d64-aa0a-445f69e27a6a,13485,15283,-1798,False,1,930,2660,-1730
83a7e6e5-a016-4e73-b698-62248ce5a4db,14436,12482,1954,True,7,1785,1494,291
83c0ac50-1986-48aa-a802-aec3edbb8a24,12856,12609,247,True,4,1512,1458,54
83c14985-801f-4372-8fc4-41253da6aa34,14053,12793,1260,True,7,1725,1314,411
83c55eec-3281-4329-9b2b-2c0b3c8e3627,13066,13054,12,True,8,1592,1704,-112
83db1e41-1663-48a1-b933-9b33aa6bc819,13391,13397,-6,False,4,1774,1552,222
83e8d928-5463-4b7c-806e-54d0c0170d0b,11484,12136,-652,False,1,1423,1252,171
83ffcd16-9bad-4f70-b944-377aa52d3333,12621,13096,-475,False,0,1520,1357,163
840b622e-d3dd-4d8c-98cd-0e39827f3e21,13420,13039,381,True,4,1540,1383,157
840f62be-6e85-4810-afbb-9920cf35645b,13187,13853,-666,False,2,1688,1640,48
8411fd8a-cf62-4f8b-906b-c4255074e20f,12331,12696,-365,False,2,1202,1490,-288
841a440a-228c-4d2a-b2b8-0fc3b6b36066,12616,11375,1241,True,8,1344,1446,-102
841c6746-859e-4034-a722-7687e0d0d4e7,13303,12963,340,True,8,1453,1210,243
841d7d97-e2e3-4228-8c94-9d8f4a1b9b52,13391,14170,-779,False,0,1246,1279,-33
84217898-0990-4d14-9222-46b50cf12ae3,13384,12125,1259,True,8,1432,1144,288
84275abf-6dba-46e2-a904-25ad393d4523,13516,13532,-16,False,3,1303,1455,-152
842d3876-e356-418e-ad58-d559cc5ba4ee,13684,13449,235,True,7,1504,1474,30
8433725e-ab66-45cc-9be9-21b050c3eee2,13586,13202,384,True,8,1626,1570,56
843e95f8-2b29-426e-b179-92ad2cb94b88,13456,14434,-978,False,3,1483,1934,-451
8441e8b3-7d75-4852-a61e-55b754587bfa,13285,12790,495,True,7,1469,1437,32
8453915b-ebdd-402e-aea5-0d4ba7398a27,12904,14090,-1186,False,3,1249,2213,-964
8458130b-9f95-4588-af8f-b952570266b1,14481,14879,-398,False,5,1454,2287,-833
845b6271-effa-44c2-a819-a14787be66ba,12765,14327,-1562,False,0,1265,1378,-113
845cbabb-3014-4ecf-899e-03cab8456749,13057,14562,-1505,False,3,937,2151,-1214
8462df81-56f9-4ec8-8cbd-58f7bcad59ee,15254,13273,1981,True,9,1638,1892,-254
846b8f97-a06a-47dd-b6b2-14c699c585b3,13988,14185,-197,False,0,1534,1630,-96
84726e9d-a86f-4fbc-9a72-c2d249725607,12827,13052,-225,False,6,1350,1635,-285
8472e48d-62aa-4de1-a4da-417ee49730ea,11960,11561,399,True,6,1274,1157,117
84775d99-68ce-4d35-a48f-7ed1e0caf60c,13652,13907,-255,False,4,1681,1741,-60
8480845c-cf75-4fc3-a66c-65dca863cd7c,13423,13277,146,True,8,1583,1520,63
848ccc89-a008-4a33-8313-06be87a0633f,12298,14526,-2228,False,5,1226,1581,-355
848d25a4-0968-467d-9b92-f754f0515952,14886,13984,902,True,7,2105,1602,503
848f9a90-9e59-4dca-a2db-2d8a50917698,15873,13918,1955,True,9,1369,1772,-403
8498a421-72a4-4205-a634-a4a81dd577fc,14943,13942,1001,True,6,1467,1538,-71
84bdeb8d-25a7-43b7-bcb4-ec4559e1c5f1,14169,12675,1494,True,6,1573,1443,130
84c31a3e-58af-449d-8a99-fcfdb54f61bc,13293,14490,-1197,False,2,1708,1568,140
84c934d8-b2a5-48ab-be2b-04b0f6ae94f5,13399,12969,430,True,7,1297,1609,-312
84d65e89-4db8-44e7-8e6d-cb3263a9c666,13877,13201,676,True,6,1808,1412,396
84e4ad3b-d62a-4ad1-88b0-0d09f5622b2e,12979,12365,614,True,5,1401,1389,12
84f319c7-846f-4e2c-ba64-6fee0cb1653b,11915,11884,31,True,10,1338,1315,23
84fc580a-8962-4166-a86b-e07450e5f237,11965,12706,-741,False,5,1486,1304,182
851cc14e-9d23-49d9-8d7a-ab389f6b3406,14181,12789,1392,True,7,1446,1447,-1
852b9bb6-02ac-4830-98ed-f74dde246c91,12452,13207,-755,False,0,1551,1321,230
8552b9f2-35c7-4cfc-bba1-4a49640658f1,13949,13338,611,True,6,1493,1314,179
855649cb-11eb-4070-8729-543f521b4b68,13140,13200,-60,False,1,1689,999,690
855f182b-1b65-40de-88b0-f26e99fad0f4,12903,13201,-298,False,3,1487,1573,-86
8569643b-ca02-4dbf-b6f5-f1941a1b812c,13235,13452,-217,False,4,1674,1410,264
856c106f-8f32-4da0-bcb6-4b07597087e7,15389,14188,1201,True,5,1986,1035,951
856d128a-25a1-424c-89d9-08aa7c36638b,12908,12434,474,True,8,1366,1080,286
856d2191-b68e-4c04-958b-e9225bb9be5d,11812,13001,-1189,False,1,1432,1550,-118
8578c4f9-fb3c-4f6e-b696-6e8db269a59a,11518,13264,-1746,False,2,855,2425,-1570
85793bc9-f86b-456d-ad7e-d80085756f01,13544,15878,-2334,False,0,2340,2158,182
857984d6-3ce7-4590-a9f2-e2b289f9f7b3,12544,14609,-2065,False,0,1669,2122,-453
8579dfc3-74c8-499f-96a3-bce569438916,12993,12861,132,True,3,1648,1415,233
857d16b2-0611-4cb7-8db6-72df1dbd1f26,12594,12147,447,True,8,1604,1560,44
857f2363-1770-404e-9094-570dee525ac5,14775,13362,1413,True,6,2614,1748,866
85856886-d5cd-420e-80ec-d466667aad90,13578,14639,-1061,False,2,1768,1364,404
859158ca-4299-4fb7-8b98-a4bab9201a06,13115,12965,150,True,8,1246,1866,-620
859c12ae-35a6-4e4f-9e26-e66250f43e1a,14314,12979,1335,True,7,1445,1378,67
859f1414-22af-4da1-b00d-689a31616d3c,13449,14017,-568,False,1,1659,1763,-104
85a77e96-b6b8-44ef-9d7e-c62286f44b69,14523,12720,1803,True,7,2136,1303,833
85aa1138-9924-4440-b04e-3e9f74c71f3a,13982,13376,606,True,7,1753,1478,275
85b16c07-3e6d-45b0-a58f-465f422f0cc5,12339,14044,-1705,False,1,1553,1181,372
85b1a148-34bc-4fa9-892c-49efa85172dd,13515,13911,-396,False,1,1993,1287,706
85c8ba3c-5204-4d9c-9b40-f803ce3c7a1d,12965,14397,-1432,False,0,1255,2439,-1184
85c9ace0-f314-4f2e-9db0-38f645f944e2,12722,13375,-653,False,1,1383,1398,-15
85cb9796-a0fb-4b05-b903-28c4e49dc08b,13149,13622,-473,False,3,1593,1573,20
85d3addb-86ab-4eca-b7a6-a2f54bfd8fd1,13266,13791,-525,False,3,1781,1880,-99
85e24a8a-628d-46cb-b08c-f777da3319ef,11831,11365,466,True,7,1136,1344,-208
85e558cc-8abc-4b45-af5c-e6d0fb3fdec7,13587,13272,315,True,5,1330,2344,-1014
85f15981-970c-45d3-be51-e1dffab98f8e,12748,11850,898,True,8,1478,1328,150
860a7af5-313c-488d-aeaa-70257b061622,12951,13081,-130,False,6,1202,1685,-483
8611b865-b8a1-4678-9241-34770aac371c,15486,13902,1584,True,7,2576,1405,1171
861adac5-87be-4db5-82fb-bc45f8ae92f6,14974,13844,1130,True,7,2237,1539,698
861b4028-d317-4a99-a0db-54af67f023d6,12050,12803,-753,False,0,1224,1777,-553
861f0864-1bcb-474e-b439-40907ef68432,12143,11858,285,True,1,1947,1294,653
86292858-1331-484a-a9e5-f28f16b373c4,12927,13979,-1052,False,1,1350,1611,-261
86311ed0-0ed2-4488-a73e-9f7e33afc1ca,12036,13260,-1224,False,2,1355,1816,-461
8635cd39-3d59-479d-88c7-61e0236fde31,13816,12279,1537,True,8,1208,1285,-77
8636baa2-efef-483a-8c0a-7eae571bdfbb,14157,14514,-357,False,7,2350,2787,-437
863d9c46-64c2-4efe-bb1c-5e87aa35986c,13416,13116,300,True,3,1549,1361,188
863f052f-cec9-4213-bea7-bfa2f980548d,14495,12971,1524,True,6,1666,1536,130
8643867d-bd24-4380-a20b-3ca9358c548b,12910,13295,-385,False,0,1426,1232,194
86521a24-9801-431c-84c4-01aac0b78cd9,14582,12326,2256,True,8,2473,1372,1101
865b5d78-0527-48fc-9ea5-5eb8e72003ad,14836,12884,1952,True,6,2156,1035,1121
86650a4e-3276-4ecc-a4ac-206ea68b8b98,11492,11804,-312,False,6,1068,1436,-368
866abbe2-da4d-4e4e-bb6c-77c0ae2d18b5,12070,12223,-153,False,7,1462,1363,99
867d3b06-b74a-4f20-996f-8229f58a23ef,13252,13124,128,True,5,1738,1426,312
867df8b3-ce52-422c-8da8-92c2277c557f,13564,13099,465,True,8,1521,1456,65
868249d5-a1c3-455a-b564-34c83940052e,12659,13952,-1293,False,0,1467,1811,-344
86897498-f9e1-451f-8285-41cf2c6d0f95,13512,13571,-59,False,2,1379,1540,-161
868ab2ad-3f02-42c4-beb4-f0ad64889b5f,12769,12352,417,True,3,1649,1198,451
868b3673-9293-4a46-883a-574de88981ed,11644,11835,-191,False,3,1450,1295,155
868ec10f-1d16-46fb-994f-1cd7f8a2179e,12989,15338,-2349,False,2,1657,1386,271
8690aa40-2186-40b2-b832-1ce3419759ad,13102,12909,193,True,6,1723,1446,277
86912791-688a-40d9-b3e6-0f8edcf04312,13636,12903,733,True,7,1833,1276,557
86929327-84e2-475d-a97a-ab5fd42edf31,12270,11945,325,True,7,1218,1693,-475
869a40e2-26f8-4a81-af2f-22f4cbfc1a95,13332,13013,319,True,4,1618,1240,378
869c9c6e-e5c9-4dae-889b-db6c13884a78,13679,13012,667,True,7,1461,1502,-41
86a4a91a-6306-4b1d-b80f-da4db0fc6162,13646,12136,1510,True,9,1514,1390,124
86b0ed8b-7f44-4441-bfb8-925472555d48,12989,15035,-2046,False,1,1110,1830,-720
86b24daa-ed8b-45f7-9de3-843b554d2b9a,13636,13231,405,True,7,1287,1123,164
86b2afe3-cc53-4576-b41e-a48a232c0d37,13736,12581,1155,True,8,1378,1220,158
86ba21bc-70af-4902-b46d-7c8888dbb48a,12257,11747,510,True,5,1411,1171,240
86c2baee-034d-4091-92a5-d35303a57536,12570,13879,-1309,False,0,1561,1444,117
86c2c43d-9202-4c9f-9a7f-40ccfa236863,12184,13589,-1405,False,2,1170,1400,-230
86c6ea85-6db4-4461-8cf2-372012740236,13509,13379,130,True,6,1365,1589,-224
86d10585-691a-4829-a172-887c74629748,13743,12331,1412,True,8,2111,1303,808
86d1c486-009e-495f-ad34-17f60ef72c96,13027,12703,324,True,8,1494,1370,124
86d29d75-3ca0-442e-8c57-26325c31ea66,12950,11730,1220,True,8,2037,1240,797
86e9a0a3-9501-46fc-8ced-23665ac8ab0f,11630,11778,-148,False,3,1281,1342,-61
86f88214-0d10-4b2b-afc6-42605a303c25,12301,12649,-348,False,3,1636,1709,-73
86f8d2df-a005-4edc-845b-803520b55afb,12015,14160,-2145,False,3,1491,2525,-1034
8705ea7a-84f2-445b-9ac9-4ee48c3c1835,12735,13236,-501,False,1,1597,1470,127
870f7431-93e3-4bc3-9aa5-b04a48f827d0,13258,13672,-414,False,0,1381,1481,-100
8710c0cd-460a-47f3-bf98-e4a6e7e8fabe,11616,11092,524,True,7,1288,1229,59
87142f56-ad31-4941-b9fd-e0af6fae7a91,12471,14421,-1950,False,0,1491,2618,-1127
87165634-ba8d-441a-88de-d91d6e191551,13905,14206,-301,False,0,1975,1940,35
871e3607-286e-418c-8b13-e4bc32ab90d3,13491,13838,-347,False,3,1461,1815,-354
87239a0d-afb2-46d5-967b-beca3f279459,14272,13760,512,True,4,1753,1651,102
87367fc2-a857-4e65-af03-36ffbe05d6cc,13397,13469,-72,False,1,1221,1588,-367
873e324e-79b4-44a8-8f07-3cfe72e5ca85,12457,14748,-2291,False,1,1038,1621,-583
8741e969-3ba8-4d5c-914b-946e413aa4a9,12285,12342,-57,False,7,1168,1414,-246
87501db6-63cb-4296-b7ce-165514cfddb4,12321,12752,-431,False,2,1348,1281,67
875cb81e-ff3b-44bb-b964-9bb1794d5288,14162,12866,1296,True,7,1243,1332,-89
87646024-da97-4bf8-b848-161eba56e6eb,11614,12008,-394,False,1,1346,1236,110
8767f73c-7e6c-422c-acc5-8a1d8017baef,12421,13482,-1061,False,1,1335,1561,-226
8773c0a1-6f82-4c29-9a41-dbe0be2de44a,13312,13167,145,True,4,1240,1222,18
878480c4-8944-48b4-a019-1ebd9ad8d8ac,13321,15142,-1821,False,0,1118,2018,-900
87881de1-832a-4a4b-b3a0-39517550afae,13131,12054,1077,True,7,1762,1134,628
8788f08f-e6a7-4d47-b2a0-41a2c94dad04,13511,13233,278,True,7,1419,1405,14
878c9b0f-8e31-45a1-9960-2b0e2d32186f,13429,13640,-211,False,1,1595,1337,258
87a1f0f1-29ac-4865-9cb2-19abfba3684f,11815,11914,-99,False,0,1353,1258,95
87a82df4-0b8c-49e2-bbc5-68a905ae9a03,12367,13814,-1447,False,0,1489,1437,52
87a9cdc2-c84b-4b97-92de-7e11959bbe08,11812,12117,-305,False,4,1245,1438,-193
87b9c786-443c-46a1-8f3a-281c9cfd080c,12691,13101,-410,False,0,1239,1484,-245
87c5d5fa-3f58-4989-8bdf-5e2dc7e9fd9a,13443,13031,412,True,6,1433,1414,19
87c8804a-35c8-4386-a608-ad3cba64bfd9,14332,14002,330,True,8,2043,1864,179
87cad57e-6db9-4ff1-b612-0c0cb3d0ebba,13284,12303,981,True,8,1823,1224,599
87cf4eb1-f515-4717-a6fc-0821a56e42a2,14246,14211,35,True,6,1942,1499,443
87dbca14-18e2-4d6e-991c-37a9d28dc80a,15047,15366,-319,False,8,2457,2966,-509
87e8410f-f028-4186-9c2c-3fe3c2e41fe3,11854,13484,-1630,False,0,1345,1527,-182
87fe965a-9a1f-4689-8b45-cbcd3a5dcedb,13158,12179,979,True,4,1458,1326,132
8808cafd-3089-4b2b-9237-89d376e730b4,14561,14449,112,True,4,1224,1403,-179
881725c9-04bc-4d91-93f7-d63f9b7cd839,12781,14218,-1437,False,3,1085,1813,-728
881ca41b-c6ae-4e0d-800f-6c6f834783ff,13721,12712,1009,True,6,1529,1456,73
882415fd-3e7a-4a6c-a19c-cd4644c951f2,13499,13244,255,True,6,1551,1554,-3
88271f9b-378b-4a75-af48-a076626ee589,12828,14353,-1525,False,3,1188,1762,-574
8829614a-313e-413c-9520-d95d7b95af31,12968,13264,-296,False,0,1599,1614,-15
8834e920-98a8-4ec3-b318-4efa1a00758f,11914,13977,-2063,False,0,1101,1927,-826
883ae257-b3eb-49d6-ab11-d3cb77f01397,11083,12468,-1385,False,1,1081,1312,-231
8857b343-f74a-43b7-952d-8feb1706953b,16212,12090,4122,True,8,1941,1538,403
885a832d-0d35-46b6-a953-69f07b602928,13268,12727,541,True,8,1544,1226,318
886c2510-950d-42c3-92af-04b52e7cb715,11869,11808,61,True,7,1469,1572,-103
8874d014-36df-4d0d-83c0-ab2d1fced544,14363,11686,2677,True,7,1934,981,953
8877a819-10f3-4e12-b8f3-f2785d01f293,13404,12934,470,True,8,1423,1581,-158
887a3c25-3d35-4d7e-9f54-50d5f10bbd8d,14482,12297,2185,True,6,1339,1525,-186
888dc0a4-59d7-40c8-9cc1-17ceef8cc0da,12500,13238,-738,False,2,1364,1810,-446
889f07bf-a662-45ba-9a15-84a6c961c7f9,12701,13661,-960,False,0,1578,2018,-440
88cc70b9-d7da-473d-b4f2-898a79e66ae9,12065,13721,-1656,False,0,1410,1614,-204
88d71b68-f478-45da-98cd-572e21b802d0,13454,13540,-86,False,4,1337,1917,-580
88d9359e-afc9-4e00-a862-f2c1219e2846,14616,12653,1963,True,6,2003,1124,879
88e28243-3c5b-4d7a-9c6d-72b6df5ad577,11278,12238,-960,False,4,1268,1692,-424
88f45e2e-c851-4296-8236-13d7704ed506,12233,12564,-331,False,1,1744,1537,207
88fda4ea-5bd4-4548-b56b-b8276e5cc9db,12836,13002,-166,False,0,1560,1393,167
88fe7522-aa37-43e8-ad27-48a33f4a4277,13298,14249,-951,False,1,1193,2151,-958
8906c801-d6f1-4111-a39d-7e0d24af5968,13945,13125,820,True,7,1640,1251,389
890c553c-a666-43d6-b15a-932e1f8460f5,13127,14221,-1094,False,3,1441,1753,-312
892099ed-aee1-4e40-8781-fbd46b033650,14414,12360,2054,True,8,1807,1545,262
89209a1f-ae88-41d7-8f4f-b6b3a1c2e4a5,13361,13040,321,True,5,1617,1444,173
8939fecb-f563-4891-8068-946d390f5f62,12559,13626,-1067,False,2,1659,1140,519
893e06f8-c7f0-4999-851f-bae2b6b7302d,12662,13483,-821,False,0,1390,1567,-177
89459d68-7b19-4035-8125-e4e858524867,13390,13219,171,True,6,1438,1486,-48
8950f64a-0c8e-4239-94fb-428abfabb48a,14113,13105,1008,True,6,1617,1408,209
89588218-f733-475b-a927-b06614df0e13,14008,13096,912,True,6,1582,1462,120
896331ae-393f-46d5-8eae-e1b25dc2d335,14690,13069,1621,True,6,1281,1122,159
8967c039-be1d-459c-8d7b-82546867a686,13743,13287,456,True,7,1356,1760,-404
896d23bb-e1a5-4467-97e0-5cba5cffb1bd,13787,13623,164,True,5,1824,1291,533
897d1cee-bbf7-4b52-b00f-a3e81eb97fec,13058,13016,42,True,4,1479,1299,180
897d3104-e3b9-4a78-8534-27f434f90d7c,14551,14094,457,True,7,1963,1626,337
898befca-4aff-410c-9ea0-330970f1827f,11909,12517,-608,False,1,1022,1353,-331
898df0c4-0598-457e-9677-38631de56520,12990,13241,-251,False,2,1690,1287,403
898ec165-aa39-414e-af65-1922fe18c3f6,12945,13008,-63,False,3,1086,1350,-264
899cc0f5-66a1-4f94-97ab-abd46fb298ca,13019,14186,-1167,False,1,1251,1334,-83
899d13d9-1fb4-4589-ba01-e75027c42daa,14170,13054,1116,True,6,1642,1193,449
89a76c61-42f5-4dd1-a0f6-2e11cbf34e50,13845,13166,679,True,7,1393,1845,-452
89a8c0ac-59bd-4d67-a828-1b933919915b,13095,13538,-443,False,1,1393,1443,-50
89aa0c74-2266-4e97-9b51-db1c57659943,12609,12622,-13,False,1,1859,1055,804
89ac64ff-ab33-4b96-8f11-a744a055f835,11729,12151,-422,False,4,1295,1334,-39
89d20a59-aeb8-47b9-a3c8-10b427e89dba,13917,13554,363,True,3,1975,1699,276
89d3f69e-49d0-4fee-a8bf-abd143a42986,13779,13212,567,True,5,1417,1485,-68
89d83877-4b54-4c29-a7d6-f64d71ee33c2,13927,13618,309,True,7,1762,1625,137
89e7f486-e70b-4e50-87c9-51188d101335,13054,13936,-882,False,2,1256,1997,-741
89ebcf90-05d9-4114-ba63-e88c9e34da20,13350,13050,300,True,6,1631,1617,14
89edfa7d-4068-43d4-80b8-756153ddc838,12034,13588,-1554,False,2,1271,1229,42
89f3f4d0-cb4c-4c1f-b7bd-15582a52714d,13225,12750,475,True,8,1415,1237,178
8a16fdae-874d-4ed4-b262-cb63f19b3fb5,12773,12224,549,True,8,1385,1372,13
8a2addc8-c5c0-48af-8045-11680a321236,15145,12460,2685,True,7,1569,1430,139
8a2ced95-3f96-4e4c-a86a-e2e62acd24d9,12890,11978,912,True,1,2402,1298,1104
8a2d7e8d-430b-451a-9f46-0d4464c9caed,13104,13663,-559,False,1,1453,1536,-83
8a2f2bb9-c899-4861-b5bb-b44e00d5a309,14066,13339,727,True,8,1459,2241,-782
8a32733d-ab02-4924-be66-debd3080196c,12200,11919,281,True,6,1212,1362,-150
8a4f5e83-aab4-4cec-b6ef-598418a1d95d,14992,12266,2726,True,8,1482,1280,202
8a5ced54-da7d-41c4-a36a-4c51f835775c,13581,12844,737,True,6,1731,1297,434
8a5dadbe-1345-4ed4-8ba4-7403671cdd0e,12665,12739,-74,False,2,1337,1426,-89
8aa96033-2b5a-4fac-a9cb-886578b08947,13351,12726,625,True,6,1268,1336,-68
8aad1f78-fa33-43f0-9f24-9b5cc4df35cb,13722,13291,431,True,5,1913,1508,405
8abf60c2-5394-4e94-80b7-c8d9f1d05d93,14335,13843,492,True,1,2730,1171,1559
8ac54a25-1c7e-4b0c-8daf-e3b584df969d,12612,11720,892,True,7,1554,1352,202
8ad774a7-89bc-44b1-99c3-8eeac061e3a0,13741,13251,490,True,4,1630,1524,106
8ae22b09-161c-44b5-9ed7-180bd89ff3c7,12916,12952,-36,False,2,1844,1289,555
8ae88119-f15c-42d2-9ce4-69b650a9e75c,13342,13125,217,True,7,1747,1638,109
8aee20c1-3126-48f8-a8f8-cf63d6bca7e1,13754,15081,-1327,False,2,1447,2544,-1097
8afa068d-82ac-4e62-bfaf-418e1762ccc8,14783,13338,1445,True,5,1486,1251,235
8b0f54d8-b628-430b-9cd5-f9e77a9a0ae3,13944,14263,-319,False,0,1447,1123,324
8b1006ab-1ded-433c-aac5-8abb834fac8d,13767,13921,-154,False,2,1317,1919,-602
8b1ef14d-5105-449c-ae70-9721bf0081ac,12836,12163,673,True,6,1470,1561,-91
8b1f1a50-327d-43e8-92bd-4f07cf61460d,13729,12792,937,True,6,1415,1349,66
8b25f885-6a7f-4df5-ac63-dccb29ab854f,11370,12199,-829,False,0,1248,1564,-316
8b2c5e99-4f33-4669-ac8d-0529d00d2b05,13412,12468,944,True,5,1332,1395,-63
8b3016b2-1927-4e55-a65b-2cb1f43cd98d,13164,12992,172,True,7,1374,1472,-98
8b354abc-002a-40e6-a752-3049080db8e5,13042,14751,-1709,False,5,1673,1759,-86
8b3632a4-2818-4fe2-ac5b-fb1a7a181f7c,13149,13914,-765,False,3,1216,1818,-602
8b3b149c-74f5-4eed-a68b-486bc883532e,13233,13730,-497,False,1,1485,1622,-137
8b3c1f88-77e2-4ef2-adc5-ef974b37b708,13624,13586,38,True,5,1474,1455,19
8b3fe7fc-de62-45ab-92ad-7377ffa1c45d,12696,12790,-94,False,5,1269,1534,-265
8b61eac0-3f9b-4203-9b3e-4b6c07d60809,12650,11689,961,True,6,1665,1174,491
8b66cbdf-f876-4005-9a8b-d552a267f53a,12985,14101,-1116,False,2,1421,1837,-416
8b683b7d-44cc-4a14-92d7-b3d7f7d54421,14296,13669,627,True,2,2645,1473,1172
8b69d8da-d4bf-4889-913c-e5cd48a960af,12421,11903,518,True,3,2448,1062,1386
8b6a1f80-339d-4ca8-8089-9da9588a3816,13697,13440,257,True,2,1756,1297,459
8b6b3f56-41fb-486f-81d6-92f52d4dade1,11611,14808,-3197,False,0,1358,1715,-357
8b6d9f43-ccef-4f65-838f-6b50c2b207db,13761,13788,-27,False,4,1232,1508,-276
8b6f232e-8ce5-4819-8c99-367d2c1d959b,12488,12567,-79,False,4,1101,1354,-253
8b725bd4-8887-45d8-a4e5-1bf42a748722,13540,12207,1333,True,1,3078,1299,1779
8b7d96c5-b301-40af-b7b1-41b100c61d3f,11650,11453,197,True,3,1364,1137,227
8b8223ae-c83b-49c6-82a8-adea2572d72d,12907,13389,-482,False,2,1543,1349,194
8b8397ed-1bc6-448e-ac62-2eeeaf8dacee,13344,13328,16,True,6,1562,1317,245
8b8b1539-b0f7-4baf-8a4e-a71cc5c2adff,12136,13906,-1770,False,2,1367,1239,128
8b8f62ec-875e-487e-a551-542171040d9f,13749,12710,1039,True,8,1773,1346,427
8b92944e-7881-4993-a2ec-ede4098f0fc2,12663,11709,954,True,6,2011,1277,734
8ba11a81-fde9-4891-92cc-6a283f6915cf,12775,12756,19,True,4,1278,1676,-398
8ba5fb1a-5e82-4526-915f-69ef83376fa0,13506,13723,-217,False,2,1494,1262,232
8bb5241f-ba14-427c-bad0-4fc8518433f5,13496,12068,1428,True,8,1834,1177,657
8bba88a1-88c1-413b-bab3-6937e9375215,11966,13875,-1909,False,0,1456,1478,-22
8bcd7e5a-dada-4385-8356-09959df24fab,13408,12698,710,True,6,1365,1291,74
8bd2f45e-b0a1-4a49-9677-e1be114c3814,13121,12859,262,True,8,1496,1385,111
8bdfc7b4-2b01-4948-9b99-9870b1b57fff,13382,14023,-641,False,0,1736,1448,288
8bdff2b7-a684-4a91-b593-768d7e0f5a99,12070,12642,-572,False,1,1556,1343,213
8bea2db3-943f-42cd-a137-6c7b3fcd05c3,16049,14320,1729,True,7,2545,1707,838
8bee2308-ebfa-487c-ac34-6e222711943f,12370,13226,-856,False,1,1388,1614,-226
8c1c1bdf-df6b-4c34-ba94-16c9c7a1fa65,13448,13716,-268,False,4,1375,1901,-526
8c39a4f7-b0b2-47cf-9ba9-5b96a6f2bbe8,13482,14157,-675,False,0,1348,1391,-43
8c3b9d3e-309f-42be-856b-bcf01b5bfc5d,12856,13123,-267,False,6,1355,1966,-611
8c3c055e-2e41-495d-9456-dd914912e553,13161,12247,914,True,6,1391,1313,78
8c3cd8af-e0ad-40f8-a07c-9948d74e1a80,13743,12870,873,True,6,1668,1785,-117
8c3d66b6-97c3-4cf5-adb3-aa7872d2b45c,12717,14165,-1448,False,2,1191,1192,-1
8c3dcda4-041c-45a3-bb25-ed7c1c72f7c5,11487,14190,-2703,False,0,1082,1275,-193
8c4f39db-eccc-4366-90e0-4d6b40bf2047,12380,13415,-1035,False,1,1576,1395,181
8c5de84b-e678-4625-9911-ff3d276c4a0c,11550,13009,-1459,False,2,1130,2490,-1360
8c60bf63-c992-46e7-b108-99ee3d7215a7,13064,13609,-545,False,2,1502,1090,412
8c6e5453-d99c-4658-91a1-7d4cb5538f50,14114,14279,-165,False,3,1710,1492,218
8c7f0987-7b74-4dcb-8b33-80d768c075a6,13544,12878,666,True,8,1476,1474,2
8c7fc872-491d-49e7-8b5b-a2fc05327fc1,13032,13319,-287,False,6,1267,1500,-233
8c83a2e4-b261-41cb-b715-91f803faaa89,12829,13247,-418,False,1,1630,1695,-65
8c8bda43-27f6-44a1-b102-03aad777cb46,13665,13163,502,True,5,1163,1252,-89
8c983fdf-07e3-424e-8583-e7e0f5ce5330,12130,13069,-939,False,3,1432,1826,-394
8c9ddbe4-74b4-4c7d-9b2a-11f509ff05d6,13164,12185,979,True,7,1578,1499,79
8cb4616e-2341-4b64-b380-2753da939f30,14324,13438,886,True,4,2245,1038,1207
8cb6995c-7732-4a84-843a-ae2308fb0338,12680,12485,195,True,5,1672,1392,280
8cca237f-590f-42cd-826f-49b2415cc84f,13691,13294,397,True,7,1190,2045,-855
8ccde2c2-7572-48ac-9238-5f9d0700cc91,14555,12372,2183,True,6,2056,1056,1000
8ce3801d-c35d-492a-980c-ff2e0c82910d,12628,13871,-1243,False,0,1236,1524,-288
8cf9dc44-23c0-4803-8c18-a3c526689ecd,12930,11863,1067,True,6,1753,1232,521
8d031c7d-b893-4446-b63c-119c80f4a7b1,14154,12839,1315,True,8,1393,1288,105
8d0441cf-2963-4cc0-bf76-4e7a76c09983,11222,12121,-899,False,3,1267,1327,-60
8d10099d-938a-4f1d-9de4-9443dc28eefc,13403,13422,-19,False,7,1566,1450,116
8d12a6e0-a44a-4934-814f-c86ab80c2a04,13652,12388,1264,True,8,1477,1485,-8
8d16850c-360a-4ff0-bb81-c669d3873f44,13710,12486,1224,True,8,1185,1158,27
8d19e908-5cfc-4343-8871-0fa7f764182a,12586,12556,30,True,1,1677,1101,576
8d202b67-cfd3-4831-a6aa-98b7b7182dc3,12694,11110,1584,True,7,1615,1182,433
8d28743e-b935-4fff-aecb-4cda27f6da96,13514,13214,300,True,7,1616,1766,-150
8d32d90e-a290-4777-a949-beb9786075bc,12751,12561,190,True,5,1258,1324,-66
8d3db899-2d0d-4665-b55a-4d702e490797,12117,12393,-276,False,1,1573,1444,129
8d4b5d9d-15fb-4dcc-a2e3-82d40d265f43,13006,13757,-751,False,1,1568,1344,224
8d4bec13-f62d-458c-ab44-cb4a4809bfa6,12900,12991,-91,False,3,1451,1612,-161
8d4fb6a3-9dea-40c1-879a-1ad750af95dd,12207,13002,-795,False,0,1351,1395,-44
8d4fc2d3-47ed-4837-b4f5-3fcadb3fd35f,13091,16070,-2979,False,0,1026,3801,-2775
8d4fce8c-17b2-48dd-8932-13a7476c9d46,14511,13236,1275,True,9,1232,1434,-202
8d4fd582-fdf9-4e82-ba74-6dd3f927d0a9,14844,12490,2354,True,7,1922,1464,458
8d514d37-f054-4202-a7c5-16152e18534e,13801,14231,-430,False,2,2024,2179,-155
8d5bf2a6-cbb1-4b8a-abea-190a994bb486,13026,12927,99,True,5,1429,1194,235
8d5c8723-b263-4cf6-8ae5-15bbc79940c8,12901,13239,-338,False,1,1748,1327,421
8d6210b3-dde8-4ea0-adc2-ffc1ee9b3c81,14240,14277,-37,False,3,1819,1524,295
8d74e033-372b-4336-b297-96579407f681,12369,12150,219,True,4,1341,1271,70
8d781d21-c89a-424c-85ac-910beccd121f,13682,13666,16,True,7,1577,2101,-524
8d78bf2f-433e-4263-8c0b-dbd662048599,11746,11804,-58,False,1,1233,1277,-44
8d797dc2-acef-4de6-991c-c9ced841fc15,11664,11795,-131,False,7,1211,1320,-109
8d7fdaef-4cc3-4b6d-b2e9-1020b5174e8a,13533,12105,1428,True,7,1892,1209,683
8d8709da-192f-46c4-941f-0f41f270ed67,13773,12007,1766,True,6,2144,1301,843
8d8c885a-b605-4e37-a291-c86e78fd2f97,14009,13240,769,True,5,2183,1460,723
8d900666-083f-49b2-8526-c4187a2e37e0,13553,13017,536,True,6,1588,1444,144
8da120b7-c357-41ba-8b15-5b5c84f4f835,13653,15128,-1475,False,0,1981,1840,141
8da255bf-fa28-4967-a3d0-4ba6bfc0460d,12208,12285,-77,False,4,1701,1479,222
8da94718-fc07-4bbb-9263-1f4eeb4c48cb,12917,12084,833,True,8,1509,1467,42
8dadb9ac-ca2f-4e79-ac97-4099e3c2590d,14117,13100,1017,True,8,1648,1508,140
8db7792a-a890-4fbb-86d6-1f160a1cd075,11361,11986,-625,False,0,1207,1338,-131
8dbbe9b8-3541-4621-a4ee-5ffaaea06eec,12611,15255,-2644,False,0,1436,1311,125
8dc34148-9335-4976-8718-c56f4a97ffc4,13778,12824,954,True,5,2008,1296,712
8dcc4963-58ee-49e3-ac60-87316fbf6b37,12174,11733,441,True,7,1422,1195,227
8dcd2e40-9af9-4ca9-b7f4-4eee35c105fa,12805,13542,-737,False,3,1166,1413,-247
8dd0d66b-68c4-44eb-a561-b45cac9c9ded,15953,14675,1278,True,8,2269,2320,-51
8dd4f812-8eee-4295-9d30-53f03aaaf6b1,14824,13358,1466,True,6,1759,1734,25
8dd7a562-2903-452e-8180-22ff1f0830ea,12560,13016,-456,False,3,1175,1608,-433
8ddd56cf-6062-4f70-b440-2b7d3aed2f6d,12151,12699,-548,False,3,1370,1335,35
8de26e5a-db2c-431b-b7c3-a2d864aa4cbf,12052,12251,-199,False,3,1436,1489,-53
8de802ee-a192-445b-b3d3-123013b8e54b,12866,13018,-152,False,2,1460,1341,119
8dfbced8-7e17-4f10-8d1c-cd8a46c25bbd,12832,14051,-1219,False,1,1570,2372,-802
8e0e5676-701b-49d8-bc15-ee67f5c7650d,14483,13492,991,True,3,2233,1065,1168
8e3c709b-2114-4dab-8a85-7cdbd059c6ca,12844,13991,-1147,False,2,1432,1840,-408
8e3d9b7f-37ec-40cd-b934-9e99b415556e,13896,13821,75,True,4,2092,1934,158
8e423c42-ce85-4274-b37c-2fe99b86b2e1,11991,12151,-160,False,0,1321,1461,-140
8e42578f-c61c-48dd-92bf-17d5aeded3e8,12296,11293,1003,True,10,1453,1349,104
8e45b54f-c1fc-4971-8b70-21401283b2d8,14239,13836,403,True,5,2359,1811,548
8e46a574-e541-41c2-a495-8869d1570cda,14458,14114,344,True,3,1406,2118,-712
8e521959-abc6-4535-b973-33de391d1698,12387,12268,119,True,4,1590,1114,476
8e6328d7-ec01-49b6-9fd2-4a164f9a1c30,11924,13159,-1235,False,1,1205,1702,-497
8e6c73f8-a0de-4c90-a588-810672e55f3e,13293,13981,-688,False,2,1433,1652,-219
8e6d4431-80e3-4c4e-bf2c-da85dba6056d,14012,14712,-700,False,4,1519,1516,3
8e6d78f4-3606-4a68-a364-db4282c9f0cf,13586,13364,222,True,8,1961,2144,-183
8e6ee516-fc6b-4af7-8783-ad13a5f6739b,12511,13441,-930,False,4,1429,1630,-201
8e702b09-2708-4942-86a4-f4487715542c,12150,11874,276,True,8,1336,1346,-10
8e71d671-f85c-4046-a0a4-fded3454a139,12235,15540,-3305,False,0,1415,1644,-229
8e77ecb1-17b5-413e-b6d0-81b04c990e00,14260,13737,523,True,4,1520,1422,98
8e7d038f-1242-476a-bb67-8e6352fd7ba0,13583,12479,1104,True,8,1803,1200,603
8e876019-b327-437a-9c6f-f52d9a32fd60,14529,13498,1031,True,8,2179,1315,864
8e90ad7a-ee1c-4fd6-b6c8-195544607366,13130,13455,-325,False,7,1394,2218,-824
8e93e83c-f555-498a-864d-e827905454f4,13338,13360,-22,False,2,1792,1269,523
8e9c1231-98e8-4125-9a29-c78ad7279de3,12755,13910,-1155,False,2,1625,1297,328
8ea6c3a8-2cd6-4447-a9b3-a509f3c7d44a,12296,15163,-2867,False,0,1403,1779,-376
8eaa8962-42b7-48e7-adad-cff94fab9add,14588,13889,699,True,7,1338,1465,-127
8ead8331-8252-41cd-9b24-c98a2615e66c,14546,13243,1303,True,6,2377,1626,751
8eb14b76-79a4-4a13-9d91-a958412d5b46,13316,13026,290,True,8,1349,1342,7
8eb3f108-9e3a-41ef-ad5a-cc4a18bcc003,13098,12978,120,True,6,1612,1557,55
8eb5aad0-0467-4610-9686-eff9ed5f2dfc,12188,12257,-69,False,2,1436,1399,37
8eb98b53-5e3d-4d32-bd89-4700b4d27072,13841,12541,1300,True,8,1702,1227,475
8ebb2450-1942-4b92-9397-384dcaaf915b,13633,12951,682,True,8,1678,1309,369
8ebb978a-613d-411f-a14d-335789267bb2,12610,13583,-973,False,4,1358,1569,-211
8ec26a78-d1f6-44d4-ba2c-79847b653858,13273,12992,281,True,8,1675,1656,19
8ece92b6-a2a0-48ec-8d50-490cb87f1b07,14857,13147,1710,True,5,2269,1313,956
8ed119d0-db43-4ad8-8a01-a9f614b68635,11993,12150,-157,False,1,1048,1348,-300
8edf7dab-7cf8-4149-a577-7701803dcb80,13212,13879,-667,False,2,1541,1727,-186
8ee22c01-9a77-45bb-8afe-10ef1470687e,12956,12289,667,True,7,1156,1525,-369
8ee617e1-b66c-4bb3-a74d-8b688bbd35ac,13568,12806,762,True,7,1322,1677,-355
8ef1e2fa-487e-42c7-9f39-6d7d07c86999,12529,13544,-1015,False,3,1553,1469,84
8ef309e9-bc23-4187-98e8-2c5250f38d41,13639,14747,-1108,False,1,1839,2005,-166
8ef63cbf-9f86-454f-90a9-f75127bf0c16,14266,12828,1438,True,7,1889,1155,734
8ef9adc2-4afd-4038-9fc5-a113cf454dcb,16121,13263,2858,True,9,1407,1345,62
8ef9f592-fe57-4e2f-9011-2438c8ff7f01,13818,13245,573,True,7,1232,1212,20
8efb3a92-43d4-485c-8f67-f632c933db9e,13286,12630,656,True,7,1461,1320,141
8f077ff7-299d-49d7-ba8b-461c42b55d86,16507,12029,4478,True,7,1477,1287,190
8f16b25f-1e67-4de0-9f31-4474a9724026,14143,13551,592,True,3,1782,1210,572
8f275670-0c5e-4e1f-a262-b1a644dc8726,13575,12671,904,True,8,1480,1416,64
8f304ec4-1006-4c78-a8c9-f1007a907403,12804,13333,-529,False,3,1281,1985,-704
8f311cb2-ca9c-4e66-9247-ffd21b47dbb4,11948,11617,331,True,6,1217,1469,-252
8f314915-a15d-4ebb-9fe1-ce2a9d6afbaa,12201,14435,-2234,False,0,1461,1521,-60
8f3a53a8-a236-4f89-af8a-ac0aa9c8f7e0,13392,12570,822,True,7,1613,1390,223
8f3f3f9f-497e-4f6d-8e8f-e65c01d1fa09,12248,12554,-306,False,5,1047,1217,-170
8f4c73d7-02de-4a10-b6e6-06e3d659ec22,13939,13486,453,True,1,2192,1461,731
8f52a9bc-506e-46a5-8941-e30dd3d5b26b,14976,14758,218,True,2,1894,1473,421
8f566712-2557-4fc8-9798-3179bbef49e1,13150,13175,-25,False,4,1587,1392,195
8f57fe9a-a2f2-4bba-b2f8-3bb175220847,12691,12003,688,True,4,1703,1054,649
8f62c188-9a12-4c9a-bcb5-e83a827b2c99,14111,12732,1379,True,7,1657,1438,219
8f647280-063a-4183-96de-149c6a6f072b,13607,13639,-32,False,5,1286,1582,-296
8f7725be-9ac5-4754-adcd-76a864138204,13370,13530,-160,False,1,1594,1432,162
8f866769-aa35-4e7f-817a-eeb1461335eb,13149,13587,-438,False,2,1336,1728,-392
8f8b911d-8b94-405d-ae76-6037d938d741,13359,13712,-353,False,0,1677,1487,190
8f960e2d-33df-4575-a0ba-17832beaff52,13456,13739,-283,False,1,2272,1430,842
8fa1778e-865c-4300-bfa6-cb185a04f3f8,12806,13876,-1070,False,4,1433,1249,184
8fa929a9-d36e-446d-81e7-304a8284c0e4,13224,14386,-1162,False,0,1240,1336,-96
8fac163f-71f8-4618-975f-ee1c7ef9783b,12454,13690,-1236,False,1,1192,1769,-577
8fb092d9-5048-4da6-b28f-33f9a4a7cca8,13067,11622,1445,True,7,1920,1097,823
8fb6ebe7-05be-4cab-94b1-5e0603025a91,13167,13713,-546,False,4,1474,1669,-195
8fb9ecca-650b-4113-a3cd-748ffbd6b430,14918,12230,2688,True,6,2844,1388,1456
8fbc1d1c-28d7-45d8-a847-f5f4709da40d,13729,14255,-526,False,4,1566,2182,-616
8fc00b78-98b7-4667-8df6-229da72c945a,12893,13264,-371,False,1,1263,1259,4
8fc696a3-51b5-453f-874b-ef89dc73925c,13820,13543,277,True,4,1908,1370,538
8fd512ac-c622-45b3-9816-270dab19522d,12947,12890,57,True,6,1614,1404,210
8fd599ab-8bd6-4701-8957-6fc2f8375606,12373,12186,187,True,4,1225,1404,-179
8fd91092-8816-4db4-af93-cf1ebc38b615,14697,12388,2309,True,5,1274,1660,-386
8feb2585-0e45-4d74-b107-5d660902ab1c,13099,14422,-1323,False,1,1639,1833,-194
8fed4a2e-64a5-4ead-aad0-8801e95dacbe,13756,12792,964,True,9,1496,1375,121
8ff03000-6e26-462b-899c-410661d6336c,14231,12307,1924,True,7,1490,1437,53
8ff3ffb3-a84e-44e3-b5a6-cfe47143eada,14045,12197,1848,True,7,1506,1333,173
8ff5a244-3a6d-4e0d-95fe-afa501d4ffd4,13311,13502,-191,False,1,1219,1350,-131
8ffbfafd-916b-4c59-a7e8-218abb027897,13680,15010,-1330,False,5,1182,2339,-1157
8ffe1a2a-1cf1-431f-b80c-99769c887744,13332,13039,293,True,5,2061,1951,110
90111a71-b779-40bf-b5c9-2991edea20bc,13449,12614,835,True,8,1398,1547,-149
90188507-ffa1-4a09-8773-bf601afda76f,14632,13143,1489,True,6,2469,1482,987
9018d414-2eb8-4ffa-90e7-d240620f8512,13713,12667,1046,True,8,1295,1469,-174
902217d6-8f89-4e79-898c-bc698b005486,12990,13252,-262,False,1,1555,1298,257
9029ce81-20b1-4c99-84fe-84e538d325e9,14939,15737,-798,False,0,2235,2458,-223
905279b4-b081-4039-8e7e-ec81c8371f05,14220,14979,-759,False,7,1267,1920,-653
905d6a40-8e7e-4b73-b646-555ad53f172c,12771,15102,-2331,False,0,1562,2339,-777
9066011b-d614-4ef3-941e-8ba1d2d725a9,13626,12102,1524,True,7,2536,1105,1431
906ed526-edde-40c8-a74a-1e99aa417956,12599,13036,-437,False,0,1566,1266,300
90707a42-17e7-4a4b-b9b4-54d8fe426cc5,12795,13560,-765,False,1,1398,1390,8
9071d495-cc2b-4bd2-952a-18795d54ad36,13359,14639,-1280,False,1,1581,2612,-1031
9072091c-e8de-45be-99af-6ae409d6d821,13647,12985,662,True,9,1659,1378,281
907ae11d-754f-4b6d-af40-4ae9ffb95b59,13418,12317,1101,True,6,1573,1143,430
9082e37d-2cf4-4203-a299-8cd7b6c36dcd,12423,11571,852,True,9,1155,1274,-119
908cb2e1-723a-4e53-8bef-a860b5ee279a,13254,12731,523,True,5,1642,1336,306
909a47c0-218e-43cd-a086-3896a133726e,13403,12509,894,True,8,1361,1522,-161
90a73a04-53ec-445b-be7f-9a64ec108347,13630,13548,82,True,6,1754,1511,243
90a94d31-1093-4a0a-b970-7275ef4aa53d,12050,12496,-446,False,4,1262,1435,-173
90b5bdc1-e902-44b4-a825-b613fea8e1a5,13545,12499,1046,True,7,1370,1209,161
90c5d645-4c02-461c-be61-06b6378b2118,12747,14120,-1373,False,2,1438,1359,79
90e91252-536f-4033-8fed-62e74d90fb4f,13408,12887,521,True,5,1376,1429,-53
90ed9d39-345c-4b59-a92f-22482ec2c51d,14473,14235,238,True,6,1600,1396,204
90f877f6-b4db-4ea6-9649-08a348716b35,13765,13563,202,True,6,1634,1457,177
90f891dc-92e8-4408-8518-51ff3c66a35b,14848,12434,2414,True,7,3003,1295,1708
90fe6b33-e5eb-4e83-98df-90beb4a8b07d,13968,12437,1531,True,8,1247,1243,4
90fefad4-3d09-4a80-9cf0-7ff333ce04c1,13442,12851,591,True,7,1603,1382,221
91029bcc-07f8-4b8a-ac76-152183b057d8,13900,12894,1006,True,9,1488,1448,40
911637d4-9b6f-4fc1-b9a4-4460b9224689,12814,15210,-2396,False,1,1296,2241,-945
911c44ad-61fa-4847-82e7-54e09395be2c,14445,13696,749,True,4,1778,1427,351
912dd913-25ae-421a-bb6c-9c72c8a26cd0,15163,13012,2151,True,7,1799,1149,650
91431851-f84c-4ae1-9954-8f531dc416d7,13838,12801,1037,True,8,1439,1370,69
915040e0-a7c1-433a-a721-d59fad7df5aa,13390,13638,-248,False,2,1478,1421,57
915821d0-d0b2-4ed2-ad50-7fb77155d5e1,14391,14735,-344,False,4,1394,1999,-605
915e414f-6b3a-4a25-bd04-d29bbc86bf7f,13433,12843,590,True,3,1488,1494,-6
916128aa-1eef-4adb-93fa-ff9e4b99e767,13179,13565,-386,False,1,1509,1571,-62
9167d80d-fc00-46c3-9d8b-80daedca07bf,12070,12396,-326,False,6,1384,1103,281
916b11b2-71ec-4459-9598-67d72720812b,14145,13941,204,True,4,1879,1533,346
917494d8-0fc5-43ee-83a1-384c83869574,13823,13136,687,True,3,2171,1265,906
918382e5-7ab0-4fe9-a603-e2e3f8add113,12934,14786,-1852,False,1,1513,1575,-62
91861dcc-4617-4c0c-936b-2e14d8776de9,12918,12114,804,True,8,1350,1122,228
9194ec8a-094b-42f2-934d-b8a0f7a75b79,12995,13526,-531,False,0,1762,1453,309
9199235b-80d7-4bde-aa9c-7fac5ed8d38a,11747,14158,-2411,False,0,1628,1736,-108
919b15b0-7f95-4bac-ae55-541758b98b83,13514,14460,-946,False,1,1588,1317,271
919b2e77-44d8-4014-adda-8e61d310de1a,14061,11967,2094,True,8,1695,1527,168
91a125a1-9b91-48ef-bb50-a25d1e5f5434,13778,13038,740,True,7,1535,1520,15
91bd2595-0385-465c-b75e-2554c65ce3ac,13119,12902,217,True,6,1380,1569,-189
91c76077-1fe5-4c4b-82c2-80b97157ad6d,11345,12925,-1580,False,1,1212,1752,-540
91c9354a-b582-43f7-b1bd-6417452e99fb,15391,14139,1252,True,7,1960,1393,567
91cbbbed-9420-49d6-9640-710b6ac9e3bd,14825,13017,1808,True,8,1598,1935,-337
91d6f878-4538-4f52-852b-283780aba2c4,11374,11868,-494,False,1,1235,1434,-199
91ec5bcf-1958-4b4a-99e3-1c9916dcb6cb,12807,13574,-767,False,2,1673,1681,-8
91f59f58-48c2-46d2-9cc9-8956ee626025,13084,13215,-131,False,3,1705,1539,166
9202b139-fe27-4b97-9950-06a053347d05,14426,13059,1367,True,7,1708,1473,235
922020eb-7c2a-4a56-a54d-cf8937c6fcf9,13092,13920,-828,False,2,1723,1255,468
9220e120-0a9f-4d35-9fe3-bcc50868757e,13876,12684,1192,True,8,1347,1411,-64
92249a02-5e17-4663-8224-b04c727efc47,12258,11893,365,True,4,1343,1284,59
922a0f8d-ae50-4c76-91f0-6106162d3bf9,13333,11886,1447,True,7,1624,1298,326
9245a422-b6e2-4b83-bb9c-34b113843059,13067,12865,202,True,6,1443,1588,-145
924d8bfc-3214-4aad-bc87-fc7772e70000,14335,13237,1098,True,8,1886,1570,316
925462f6-d464-4ba1-a3d4-b8a5e041d176,12630,12344,286,True,8,1732,1933,-201
926906b0-5a74-4d8a-8f06-63127e9a5fb8,14788,13809,979,True,6,1602,1475,127
9269877d-5dff-4c37-88d4-836a549cdef7,13659,12741,918,True,5,1737,1435,302
927368a9-da5d-4165-8e49-438157139601,13760,13172,588,True,7,1558,1432,126
92788eda-dae0-4297-8547-70aa134302a6,12327,13728,-1401,False,0,1497,1756,-259
927c4d3f-ac14-4e18-ae11-d8ce0caf2c35,13449,12451,998,True,7,1581,1531,50
927d9795-df51-4bd2-b396-4cce537102a7,12526,12838,-312,False,3,1236,1404,-168
9285c83f-7272-40b1-97f7-90b24209951c,13048,13254,-206,False,0,1653,1479,174
9286a239-cf1d-4daf-ac5f-212c47e516fc,12610,13005,-395,False,4,1700,2183,-483
928c329e-f345-42e7-afa7-784da87db54a,17155,14886,2269,True,9,1433,1594,-161
928d5746-1620-4428-acf6-47d32de237c2,13765,13724,41,True,4,1611,1566,45
929b372e-ed21-4712-9a32-0d25dd149ad4,14447,12908,1539,True,6,1398,1622,-224
92ab41e8-1619-4968-87b8-cbf354a329a9,11844,13299,-1455,False,0,1351,1490,-139
92ad55d1-af6a-4d70-809d-6b86474d2a37,13190,13324,-134,False,0,1914,1219,695
92bc9db8-2ac6-40c7-8b90-2f887ba83c35,12422,13392,-970,False,1,1240,1456,-216
92ce7823-f0cc-4a98-bc10-9e9a5cbfe848,12870,12918,-48,False,6,1478,1559,-81
92ddda64-ee9e-4543-a41e-e1bc0818d91b,14088,13084,1004,True,4,1997,1378,619
92ea3411-86d3-429c-8efb-d80e79e29f84,14613,13045,1568,True,6,1611,1502,109
92f01e44-d75e-45bf-998c-d4283a0f2901,15059,12738,2321,True,8,1361,1530,-169
92f74bfe-5afe-4ce0-a52e-f1aea4f56b48,13255,12396,859,True,6,1583,1082,501
9304d97b-287f-40c9-b938-559e56ac09b9,12743,13625,-882,False,0,1229,1372,-143
9317f738-c1a4-4ed5-8370-e6c4ec275a56,14175,14495,-320,False,1,1917,1470,447
93323a07-aaa4-4e48-b54c-31060cb412cb,13775,15633,-1858,False,1,1746,2417,-671
93437ba3-37b6-4f6b-a754-4cc22eb54ea1,13158,12771,387,True,8,1408,1706,-298
934c293c-4bc0-44e5-bd68-fa6ce46c6122,13695,14786,-1091,False,1,1695,1002,693
9352a118-9777-4a59-a5b6-151d27efb60e,12217,14324,-2107,False,1,1145,1761,-616
935a109a-f92b-47fb-ba5a-2336ecfd31cb,13098,13006,92,True,1,1796,1352,444
936b3f6c-5396-4caf-925d-e56b3463ff31,12827,13279,-452,False,4,1422,1626,-204
937408e9-ca8e-4c4d-af28-104e72b57f00,12627,15239,-2612,False,3,1242,1793,-551
93892be0-4d47-4ba2-8f2c-2f858a736c70,12127,12439,-312,False,7,1050,1914,-864
938e5635-07be-450b-9ce4-4d7effc88518,12680,14693,-2013,False,0,1402,1580,-178
93915bb3-41a7-4337-84ce-8475f80c0e20,12979,13535,-556,False,4,1366,1671,-305
93bc4e2c-336f-4146-bca9-5a476e494d22,15320,13744,1576,True,8,2533,2466,67
93bf30e6-28d3-4427-963d-5cda041bb78f,13226,13180,46,True,3,1643,1609,34
93c21573-20ee-4a54-bb59-529accd1750e,13114,13156,-42,False,2,1548,1538,10
93d28401-b65b-4104-ab52-8ba63ac4e16e,13411,12338,1073,True,8,1662,1234,428
9424752e-d46b-4073-9a29-e3e658962b97,13430,12048,1382,True,6,1348,1308,40
9426240e-a83e-460c-9ea8-482927fee8d8,11854,12796,-942,False,0,1290,1829,-539
94338735-69a2-4fad-b636-493427ca2f82,13648,13149,499,True,2,1666,1322,344
9435c936-a4b5-456f-a311-a8dbcc1bdaf3,13181,13695,-514,False,1,1487,1528,-41
943c4dd3-6286-41ec-b735-57537a00f97c,12935,11267,1668,True,8,1276,1332,-56
943f7563-72a4-46e1-b866-3755f9b75b32,13155,12774,381,True,5,1356,1251,105
9442f9e9-0a73-4ddf-adf9-4f6e53a97e73,12440,12736,-296,False,5,1427,1913,-486
9445a43b-ecfe-4acc-860a-f418fdb78479,13907,13168,739,True,4,2839,1672,1167
944c04f6-eed2-4376-a8c3-45155b1a1494,12812,12751,61,True,5,1324,1308,16
945451f5-749c-4589-bc04-5608c765acd4,11658,11601,57,True,1,1957,1057,900
945afaa4-33e0-4014-b1d9-2682cdc18ad5,13488,12696,792,True,7,1291,1507,-216
945dd17d-95fd-4d93-9f65-3e1c42f2083f,12888,13038,-150,False,3,1363,1567,-204
947178a9-6b09-4006-b1bc-84b9053aaf68,13032,13402,-370,False,3,1232,1587,-355
94721a30-19a6-4582-9752-c9bb262a23f6,13486,13041,445,True,7,1315,1406,-91
94795f61-d2cf-48e0-a0f3-bc7ffe27162f,11860,13109,-1249,False,4,1150,2105,-955
9483dc3e-bc63-4b0f-ac2e-0bd67146414d,12890,11782,1108,True,8,1817,983,834
9484838d-fe36-4903-bf27-3ce068534de5,13506,11814,1692,True,10,1883,1238,645
948738f4-7c2c-4dc4-8d89-598d3f983360,11855,11986,-131,False,1,1162,999,163
949b05a3-946a-410d-9e61-57c4aec0e809,13130,13698,-568,False,6,1395,1408,-13
949c7cb6-2d0d-4837-afc1-059240247507,12284,12696,-412,False,7,1405,2161,-756
94a23561-dd3e-4612-88bd-3c704c6011c9,12882,14112,-1230,False,1,1397,1518,-121
94a29907-f7c7-46b1-8c90-b7c1cc145033,10821,11347,-526,False,3,1183,1257,-74
94a427fd-7cfc-4dbb-b6fc-da5a8f789336,14368,12386,1982,True,7,2124,1169,955
94c4d8ef-716c-4a91-b988-66557e5ad521,12759,13444,-685,False,3,1318,1448,-130
94ce4227-20d6-430e-af0a-f54239d00ded,12579,12506,73,True,6,1518,1460,58
94d2ed71-d03b-4a0b-af1f-fd90fc86c4b1,14460,12757,1703,True,8,1585,1446,139
94e03abe-4a2b-4e4f-8a0f-3518affe2266,13346,13698,-352,False,1,1440,1531,-91
94e2adba-0e7d-4b57-8849-a191d66cd024,13148,13930,-782,False,3,1071,1579,-508
94eb2b59-be91-4ab7-9161-924fe37e8315,15379,12962,2417,True,6,2141,2175,-34
94f1d374-f5dd-4f29-831c-4dbf2cb97516,13563,11385,2178,True,5,1948,1233,715
950b0c68-e722-4d64-961e-112ddf0b9bab,12235,12768,-533,False,1,1356,1487,-131
9511230d-ea3f-4025-aea1-b3e17a878128,13120,12218,902,True,6,1559,1149,410
9514a262-1203-4147-90d3-571efe8b5d12,12461,12137,324,True,6,1275,2141,-866
952a6ab5-e95f-4010-bd73-58808f09b405,15477,13557,1920,True,6,1632,1425,207
952ccf40-2c63-4a30-b73e-c57acea31294,13209,13500,-291,False,2,1598,1676,-78
952de6aa-0dfd-4966-be5b-54210326ee45,12509,12150,359,True,7,1483,1282,201
95525daa-96c2-4acb-8268-1395bc25ab73,13463,13772,-309,False,5,1792,1931,-139
9554f941-3423-4538-8131-69aa46697fcf,13146,14799,-1653,False,4,1544,1699,-155
955cb422-27bd-41c2-82ac-8d96bb7914e6,11534,12681,-1147,False,2,1164,1407,-243
9563338e-fe47-43b0-8c2c-c79edb15fcb7,14276,12939,1337,True,4,1980,1312,668
9564c32b-dad9-4292-8efb-8fa41f026fe9,12900,15038,-2138,False,1,1491,2769,-1278
956990a3-337c-4b0d-b680-9fac8bee13f2,15274,13677,1597,True,6,1901,1662,239
9574a999-7162-424f-9dff-0ec56aa9629b,13816,14929,-1113,False,3,825,2586,-1761
95754b82-4e4b-49b7-b698-d20aae14e1bb,12918,12814,104,True,7,1318,1427,-109
957c1ea1-d2f9-414f-871d-08f8221d2384,14306,13229,1077,True,6,1721,1439,282
957d8e5c-d8a9-4940-be3b-532ec3ab79e5,13104,12674,430,True,8,1430,1352,78
958219da-b5aa-4c56-9fe8-ee7af7da24b5,11594,13088,-1494,False,2,1109,1999,-890
958cefec-8f56-42a6-bbc2-40d7c52a7200,13867,14841,-974,False,2,1807,1760,47
959bbc0e-e633-4cea-9708-d29af270557a,14168,13375,793,True,3,1474,1345,129
959d4766-10df-4430-b13d-e60e89a458d8,12589,12906,-317,False,3,1951,2150,-199
95a59183-ff59-46d3-a314-d5ac7b3d9d11,13505,12962,543,True,5,1504,1679,-175
95a7fa46-4a6e-4f82-bbb1-f6e8b8111d37,14034,14069,-35,False,3,1520,1401,119
95b8823f-2bec-4477-8171-ea9434c60587,11564,11005,559,True,4,1333,1290,43
95bcf558-3f88-474f-8421-6284046479de,13004,13370,-366,False,0,1446,1497,-51
95c02530-5ae5-4c9c-b717-57042e18d629,12550,13799,-1249,False,0,1501,1730,-229
95c31e72-35d8-48df-82a7-d0deaf3b62a5,12612,14370,-1758,False,0,1043,2266,-1223
95d3f8b4-b42a-47be-a0f5-c281381d09b3,12588,12819,-231,False,0,1251,1291,-40
95d5a632-c3d3-4c06-861b-9d1cd157e5ec,13910,13842,68,True,3,1781,1368,413
95de83c0-5cca-432f-a7b1-0ad84dec2d42,13708,13116,592,True,5,1257,1564,-307
95f2b878-2124-4015-89c7-0e3ce3f5e1df,12819,12131,688,True,8,1573,1845,-272
95fbe253-4d78-4584-9bdc-797f63f01e79,12819,13541,-722,False,6,1202,1985,-783
960cc0ad-0e6d-4412-93a8-00f447587815,13463,12117,1346,True,8,2055,1165,890
960eb5b5-2045-4f75-9de0-b42d18787a2a,14046,13445,601,True,7,1506,1419,87
96111538-2e7a-4135-9a84-fb9e5e547e26,11591,12581,-990,False,1,1200,1473,-273
9638090f-9eaa-4e0f-8a5e-88be59011c8b,12835,13520,-685,False,3,1289,1717,-428
963f89e3-df9d-451c-b958-288567db83ad,13527,12648,879,True,5,1337,1380,-43
965877e9-4a36-438d-845f-dacb43b0aabe,13137,13710,-573,False,4,2216,2239,-23
965a970f-daa9-4ae1-b3f0-271061fbf67e,12867,15321,-2454,False,2,1113,1592,-479
967190e9-be0c-42a4-8f8c-fc7673f8e4eb,14567,12980,1587,True,8,1316,1641,-325
96731f2a-456b-4356-a04f-ac89c0375808,13214,13245,-31,False,3,1095,1224,-129
967a354c-34d7-446e-8ae3-ddf89e2dd23e,12566,12645,-79,False,4,1291,1371,-80
9688874f-b2b0-4cca-9837-7bdc639e72f6,13924,13358,566,True,7,1519,1316,203
96984bda-84e3-488a-9639-9c559ec0e769,13302,14074,-772,False,6,784,1985,-1201
969901df-5ff0-4c8e-b270-51eff99b03cd,15150,13953,1197,True,7,2049,1823,226
96a07136-1708-4f49-a80e-99f988c63956,11648,12923,-1275,False,0,1090,1486,-396
96a85d41-2e8b-432f-b9b9-651fad7d8b9d,14842,14359,483,True,8,2024,1581,443
96ae285e-f460-4513-bd85-1714842aee29,11773,13189,-1416,False,0,1407,1355,52
96b1b89a-3474-424f-b995-694c7a0545bc,12556,12002,554,True,6,1303,1412,-109
96bfe8ed-9241-4587-a27e-2ccd1f0626bb,11776,13083,-1307,False,2,1464,1265,199
96f3c5f1-98a9-4dae-a49c-cfa6746eae43,13419,14036,-617,False,4,1307,2086,-779
96f7e2ea-cca9-4639-9d1b-9c59bcd474d9,12277,13056,-779,False,0,1601,1369,232
9713f2d6-7908-4a9b-8221-a65e9f0e2282,13396,13971,-575,False,1,1255,1748,-493
9717784b-cec2-4cef-8c9b-5692df0b88be,14020,12960,1060,True,8,1330,1451,-121
971d99f7-64ef-40b4-9fd5-b5eef4ecee32,13760,13890,-130,False,1,1577,1543,34
9720579f-c2f7-4b87-978c-4b4dba49609f,13051,11749,1302,True,7,1648,1443,205
97297636-157e-4694-a598-9d1ba9dc6e1d,13262,12341,921,True,6,1628,1948,-320
973b0de9-c4c9-4359-940a-6db48a3967b4,12969,13527,-558,False,0,1417,1243,174
97418b82-3010-4711-a63c-6fa85cfdfad5,13519,13355,164,True,7,1372,1723,-351
975e287f-6b3c-44be-9df1-41f640fc3833,12735,12551,184,True,7,1279,1561,-282
97601d42-312b-4bee-ae0a-3ac6d301005c,14984,12236,2748,True,6,1615,1308,307
976205ec-669f-4713-89e1-7a2b8d7ec7a2,12364,12258,106,True,6,1294,1630,-336
9769578c-1045-47df-bca2-a861619b4d40,13648,12499,1149,True,6,1685,1154,531
977563a2-cf43-4c65-aeba-1169fc0ab9a2,12066,11836,230,True,8,1270,1241,29
97807e1c-fd32-4184-927b-9bedf2f19705,13532,13129,403,True,6,1247,1402,-155
978eec1b-622a-4226-ac84-e9f55588a690,12814,13561,-747,False,3,1496,1291,205
979a2a98-e1bf-455a-808b-7109f6e3caf0,13088,12962,126,True,4,1260,1565,-305
979b4a04-453e-4a06-b771-250c96feaafe,13671,13950,-279,False,2,1582,1461,121
979e1bd5-203d-4880-96bf-37f373586b2e,11917,11517,400,True,7,1306,1415,-109
97ae33cd-2da8-4764-9851-b4f5a1a4f0c4,13282,13140,142,True,4,1369,1276,93
97b066d3-1248-4d43-b245-a5a8b7100029,12898,11331,1567,True,10,1800,1250,550
97b180d1-0674-4aa9-b2b2-1a1d54385e19,12015,12432,-417,False,5,1231,1709,-478
97b249e7-12a5-43a2-9071-6e87e15769cf,13050,12452,598,True,5,1492,1168,324
97b2f67a-4bf0-45e3-8914-a3a33a949a50,15306,13037,2269,True,8,2252,1813,439
97b56180-f6cf-40ec-a5bd-5c9664b6ab63,14425,13938,487,True,4,1520,1701,-181
97b57b48-29c2-4cdc-8446-a64fc43e0daf,12274,12837,-563,False,0,1362,1504,-142
97bc480f-d339-47d0-8d82-2688d5092c0c,12675,13169,-494,False,2,1469,1532,-63
97ca660f-9191-462b-ad92-dc472907bacc,13647,14169,-522,False,0,1468,1205,263
97d5711d-d4aa-440b-8eee-cb20c63edae6,13536,12979,557,True,8,1416,1243,173
97f1f36b-b90a-4f66-9fa1-fa289a0d0527,12884,13101,-217,False,0,1353,1363,-10
97f6f4af-8e0e-4851-8b80-3ea7552f3ec9,12900,14570,-1670,False,0,1205,1123,82
97f895ab-0fd5-48a6-906a-ff648cb77365,12675,12807,-132,False,1,1613,1310,303
980992c7-7cb9-4bb2-b731-ceefcaef31f5,12380,11302,1078,True,7,1412,1256,156
98300fbb-fbff-42c3-b08b-4bfffc645861,12572,13148,-576,False,2,1241,1630,-389
983af484-cb20-4438-ad40-00ac169f8918,13394,11706,1688,True,8,1609,1347,262
984a7474-45c1-42d7-9bd6-d7f7315398a1,14097,11520,2577,True,6,1558,942,616
985fe05a-1ee5-47c1-aa1f-77a0412ac8f1,12811,12526,285,True,7,1509,1565,-56
98708f5c-f568-4edb-8bbd-a26976e38b78,12551,13200,-649,False,3,1353,1725,-372
987db732-c6ea-4c94-b045-c6d3db93c18e,13946,14286,-340,False,2,1238,1440,-202
987f408d-11ad-4825-ad1a-a673536e8d1e,14145,13597,548,True,6,1971,1386,585
98971cbe-4990-44c0-beee-ece3b9516f79,12720,12729,-9,False,5,1209,1381,-172
98a8164d-fddc-4df8-86a6-7f735949e35a,12405,14355,-1950,False,3,1214,1742,-528
98ae5c6e-4e79-4126-8307-1f2ce7235964,12656,12226,430,True,6,1274,1323,-49
98babf89-f439-494a-b674-0b223d1013cd,13622,13156,466,True,3,1289,1171,118
98d6526b-d2fa-495d-93e4-895ae2b6f80e,14101,12994,1107,True,7,1550,1530,20
98d655f9-a233-4e4a-b9e4-431033191fde,14658,12328,2330,True,7,2273,1266,1007
98eb4ddd-f482-472a-8467-90a0ef81ab7d,13428,12749,679,True,8,1267,1373,-106
98ecbead-ad2f-4a57-9fb1-64adc0404280,12516,12714,-198,False,1,1325,1260,65
98ee5d54-6497-4822-837e-0f497c3486b8,13372,13884,-512,False,1,1453,1466,-13
98f5cd48-3c10-4896-856e-2dd983d35178,12932,12041,891,True,7,1402,1476,-74
98f90c65-046b-4193-8e61-afa12806393d,13338,13993,-655,False,8,1511,2330,-819
98fc8c0f-baa0-4133-a571-da1fb85dfbc4,13896,12802,1094,True,8,1592,1636,-44
98ff4b23-18ca-48ee-96e2-06ad5dd0674b,11758,13155,-1397,False,0,1175,1281,-106
990a0764-3d16-44f0-b72c-ba0dee305135,15595,13901,1694,True,7,1568,1829,-261
990c5db1-3925-4a40-bced-d9815ee6253e,13045,12657,388,True,8,1630,1672,-42
990ccea8-004f-42f0-bb6f-acabf8cf448a,13454,13173,281,True,7,1873,1757,116
9917c39c-3161-462d-adc6-c2479d9a79d4,13253,12996,257,True,2,1624,1340,284
991af145-db80-4248-b638-316925124d41,12718,13878,-1160,False,3,1476,1662,-186
9922cf0c-2dcb-4db2-ad68-87d6102d81f4,13144,13237,-93,False,2,1493,1376,117
993a4686-595f-43da-8817-222418ef0723,13983,12098,1885,True,8,1492,1274,218
993c5944-c82b-462b-aca2-b261abbd4b32,13298,12859,439,True,7,1498,1724,-226
993f4e91-bbb8-497f-8216-a41b4d189097,12043,13638,-1595,False,1,1450,2091,-641
99424a8f-ab7a-42bb-85ca-a490a3292d5c,12394,13933,-1539,False,1,1443,1532,-89
99457e01-94ae-42b9-91b4-cdc20cfd0e2f,12332,12578,-246,False,7,1284,1735,-451
994a2db4-f891-42a6-b216-54d473413a11,13042,15198,-2156,False,0,1442,2144,-702
994ed02f-2433-46d2-ac2a-83261bd77e39,12763,12642,121,True,8,1172,1341,-169
995a8ce7-df89-47b8-a98d-7521830e795c,12940,13308,-368,False,0,1547,1466,81
995d2ceb-e644-4b5b-a326-380b426e9372,13340,13846,-506,False,2,1536,1880,-344
99612bd8-4484-4724-a639-164a3ba763fc,12975,13158,-183,False,1,1543,1291,252
997195da-87b7-4e7d-a408-54003ba0ea66,14181,14252,-71,False,6,1253,2289,-1036
9974b366-9607-4775-a314-d8f53484e2da,14085,13331,754,True,2,2273,1446,827
99850c98-cb05-4f76-bfdc-e8dbfe69e89e,12596,13850,-1254,False,0,1375,1439,-64
9986e34d-2318-4d08-ae62-fa01a472c991,14894,13458,1436,True,7,1411,1334,77
99c61c04-7afc-4cc3-aba4-4d6f4ce68fe8,13118,12424,694,True,7,1467,1441,26
99cd9bfe-35f8-4d57-8e82-b27b39ff5070,13136,13385,-249,False,4,1696,1527,169
99d07d8d-46c4-4664-940c-d51498e2b1f8,13828,12209,1619,True,7,2638,2029,609
99d54ba4-f7ac-4838-8371-ee2e54a12c7b,13375,12907,468,True,4,1633,1453,180
99d865db-ee50-4c03-8b07-9afa7d8ed891,14789,13139,1650,True,7,1812,1544,268
99e3e605-7ea8-43a2-b28b-e1907eced1e2,12211,14459,-2248,False,1,1068,1927,-859
99e6037b-00ad-4a08-928e-be4577420fb0,11434,11072,362,True,5,1492,1383,109
99e9d537-0d88-4bb0-baa8-c2dfb11c6757,15576,12336,3240,True,8,2213,1171,1042
99f336dd-b722-4bc4-a5c2-669a6ab4f81a,11967,13018,-1051,False,0,1225,1106,119
99f89846-6a9c-476d-b167-9ea1c220d72e,14092,14374,-282,False,5,1432,2419,-987
99ffbbfa-686a-408a-b47c-f5da8c6eccdd,13794,13401,393,True,8,1615,1306,309
9a015ecb-b200-481e-90b2-38b2e2f7b18a,13434,13482,-48,False,2,1682,1402,280
9a06d89b-326c-4720-99c8-32eb4a4dc877,13369,13394,-25,False,6,1553,2100,-547
9a0fe477-3783-41c7-a9fe-7092da786f98,13225,10738,2487,True,9,1384,1225,159
9a10a1ab-1666-4257-8c18-2e2c96b8ce62,13871,14050,-179,False,3,1210,1796,-586
9a1681c5-c369-4dd5-944f-02c55e1cb0a0,12897,13053,-156,False,3,1660,1435,225
9a40b73f-c82a-4c9e-be8a-3b90113a646f,13802,13201,601,True,1,2253,1218,1035
9a45f73b-dee6-44ce-8ba0-0864e913a6e3,13078,13082,-4,False,5,1702,1512,190
9a48c4da-3d0d-4f7b-ab3d-bb89aa0bfbb4,13339,13629,-290,False,1,1489,1566,-77
9a4c90a5-5cba-44f4-ae15-f654f3af4cf2,12395,13652,-1257,False,1,1782,1421,361
9a53986d-163e-4952-a576-df362c21a04e,13376,14350,-974,False,3,1744,1527,217
9a59434b-5d2b-46bc-a6c1-4cf76875c6c5,12407,11824,583,True,4,2037,1438,599
9a5d038f-3683-4726-8d98-e766427395f6,13497,12977,520,True,8,1312,1379,-67
9a6fa3fb-30d3-4eff-b2f4-b6dd03841cb7,13111,14361,-1250,False,2,1244,1641,-397
9a713c07-6cb5-4080-80f9-9dd83deb7a68,15388,12965,2423,True,8,1534,1610,-76
9a9411b7-47cd-4292-904d-9bd28f9df93c,12709,13283,-574,False,0,1885,1566,319
9a94ad67-fac3-4773-909f-e15e3c80f5b7,13514,12956,558,True,7,1510,1360,150
9aa3cde6-8bc0-4d0d-81d5-38294681643f,13538,12794,744,True,8,1552,1730,-178
9aabba45-26bc-42bb-9a98-90807563f724,14109,12992,1117,True,3,2482,1331,1151
9ab08a0a-1959-47c0-a73e-bc7c7db16a58,14343,13075,1268,True,6,2358,1633,725
9ab65497-147d-4b10-9342-901fb59920da,15405,12633,2772,True,9,2373,1176,1197
9ac3efec-d729-41b8-b43c-bb45394e87e2,12984,14097,-1113,False,4,1005,1597,-592
9acf3e67-90c6-45ad-89fc-4a9f29450da5,12937,13750,-813,False,2,1305,1534,-229
9acfd114-35d5-4828-9f0c-510598d11eca,14323,14696,-373,False,4,2068,2577,-509
9ad19d4c-dc66-4d6a-ae0f-c9144353f45b,13222,13541,-319,False,2,1451,1732,-281
9ada9dfe-a2fa-444c-9447-dd944c369b44,14308,14244,64,True,5,1846,1831,15
9adee5b1-0d68-4ab5-9d57-d261fef4d903,12670,13712,-1042,False,1,1521,1236,285
9ae32815-43fb-4cee-8c6e-73f4de6fb945,13907,13642,265,True,5,1606,1113,493
9ae86a1b-ca38-42c5-9e2d-dabfdf5fe79d,13282,12722,560,True,7,1603,1467,136
9ae9a448-7df2-4435-8ba6-c7feabb977af,13573,12865,708,True,5,1555,1509,46
9af57377-b637-4081-ade7-52e7fd6a1bf8,13920,13467,453,True,7,1890,2010,-120
9b11fe59-4656-4bb2-ad7a-7908f3b749d1,13160,13904,-744,False,2,1462,1950,-488
9b178d7f-03ca-485e-8edd-a62c6d5e8d6d,11749,13823,-2074,False,2,895,2439,-1544
9b19653c-e01a-443c-8281-044293407024,13470,14641,-1171,False,0,1286,1249,37
9b1a343f-1634-4ec8-a261-30fa688fd09f,13400,13255,145,True,4,1575,1556,19
9b27f1a9-8f0b-4f29-9616-be3ba80677a9,12824,12770,54,True,5,1294,1458,-164
9b2f6c03-b3d8-4c8b-8060-3d0a46142ad7,15044,12258,2786,True,8,1783,1256,527
9b32d710-12f3-408a-b051-893dc555d537,13087,13182,-95,False,5,1454,2017,-563
9b42e5e1-4dc1-4d0d-86c1-88e83609ce0e,12612,13246,-634,False,0,1594,1477,117
9b460091-7b3b-4ce0-b941-0308ab6b63c2,13426,13144,282,True,6,1316,1686,-370
9b492fac-f458-4e56-b1c9-6aed57c30afd,12416,14234,-1818,False,0,1548,1455,93
9b4af5d5-a39f-4344-bcaa-f43738fb3349,11457,12626,-1169,False,3,1219,1358,-139
9b54671c-d127-4c1c-815b-7b7cc8322c30,11255,11832,-577,False,0,1104,1200,-96
9b633abd-6bd3-4b1a-8d81-28cedfd993ff,13958,14085,-127,False,1,1777,1740,37
9b66cc93-2430-45a9-a1f2-0f7ed4df5433,13146,12655,491,True,4,1519,1314,205
9b69d99f-9c5a-416b-ba51-8eb4d0ff46a0,15036,13075,1961,True,6,3173,1742,1431
9b6cd8df-40c7-42f1-a742-480dba64eccf,13912,13894,18,True,3,2091,1498,593
9b7656c7-8039-4ebd-9330-0dbd68f7319d,14384,14033,351,True,5,2055,1490,565
9b7b6df4-7032-4d0d-892a-9d63dccec318,14814,13877,937,True,8,1622,1483,139
9b808281-12dd-4924-bcb4-42d008a10cd1,14672,13789,883,True,9,1630,1618,12
9b80dd31-3d61-4862-bf1c-1f499245c6ca,12358,12113,245,True,8,1291,1355,-64
9b890003-a7b9-49e0-9002-769ea9c7e4db,13341,12720,621,True,7,1226,1978,-752
9b8a8cb1-3f41-4ff2-8bff-26738ed2f7de,13124,14601,-1477,False,2,1779,1884,-105
9b8c63ea-9917-4efa-87bd-b0e96db60a16,13163,14244,-1081,False,1,1419,2209,-790
9b97e91d-1dc6-43ba-bff9-15ed3852140e,13956,13005,951,True,4,1566,1490,76
9b989dd3-6892-40ba-8205-c6a9ab6335b6,13999,13486,513,True,8,1555,1494,61
9b9a4c49-f9f8-491a-8df4-69beb323f17f,13119,13891,-772,False,1,1429,1699,-270
9b9b4249-4894-49b6-806a-90c27a1be4d1,15132,13159,1973,True,8,2272,1460,812
9b9d352e-cfc5-4024-967e-960cada1ef2a,11120,11722,-602,False,0,1217,1365,-148
9ba4f50c-22ff-4f25-a716-9dc890fa4bcf,12307,13151,-844,False,1,1323,1278,45
9ba86198-cac4-4b94-92d4-43be416ecdec,12583,12957,-374,False,3,1281,1146,135
9ba8eda8-6096-4c8c-8e52-87758a1999c4,14032,13756,276,True,8,1613,1409,204
9ba9ca11-de8a-43d4-8826-4c7ea9fc2217,13061,12317,744,True,6,1454,1313,141
9bb67259-7e74-42de-b9f9-2a7cf994f49e,13604,12961,643,True,6,1349,1794,-445
9bbf1b22-02da-4251-842f-1a1b433a3eb2,12895,13530,-635,False,3,1496,1342,154
9bcc78c8-a86b-436b-941c-b07abb508b8b,15484,12864,2620,True,7,3094,1330,1764
9bccc4c6-e2f9-4ba7-91fc-529e672a5c22,12986,13605,-619,False,3,1542,1587,-45
9bd7f881-9569-4f85-b186-aba61f2d7a92,13964,12851,1113,True,8,1373,1251,122
9bdcbbbe-b727-4a88-b929-8ba3905f679c,10720,12259,-1539,False,1,1246,1119,127
9be3909d-d735-4a5f-8eb8-5c3009839062,13114,12754,360,True,3,1247,1410,-163
9be75786-755f-4ac6-8384-5ade92d5f4e2,13415,14177,-762,False,1,1460,1568,-108
9bfd2d8e-51ac-45b0-907b-ea63174f5aa2,12423,10843,1580,True,7,1160,1130,30
9bfdfd77-a080-4c3e-91d8-1e321cfd0def,13056,13210,-154,False,3,1499,1365,134
9c02169b-f5e4-4c8d-b8f9-b16dc0a93476,13496,13220,276,True,5,1556,1437,119
9c0f44f3-2196-4576-8d43-de7a12a5228d,12582,15214,-2632,False,1,1241,1105,136
9c173684-b641-410d-a135-099fe1bbd5a1,14021,13397,624,True,8,1454,1420,34
9c20266c-1961-4110-915a-b0939c33fd88,13517,13237,280,True,9,1495,1515,-20
9c263b51-4d2e-4387-9976-24980faa127b,13381,13754,-373,False,6,1423,2053,-630
9c31e22b-1fcb-441f-a293-f8ffcc5e0452,11893,12064,-171,False,0,1332,1496,-164
9c3541e1-92b0-47fa-a1e2-d0cec02079ec,11730,13329,-1599,False,2,1108,2212,-1104
9c3d649b-2c09-48b1-8edc-95b867296f1c,13623,13406,217,True,6,1328,2192,-864
9c53c2bd-5075-4fe0-9531-5188b8e146ce,13942,12935,1007,True,7,1549,1695,-146
9c6a67e3-4c13-4875-b0b7-ecea6a836d10,13033,14056,-1023,False,3,1637,1292,345
9c827f0d-6321-4b76-8777-fd6c98d37ac2,15385,12158,3227,True,9,1126,1217,-91
9c835ddb-6c34-4688-9ac7-14ebe4a11410,11101,13903,-2802,False,0,1231,1953,-722
9c868c50-2d4e-463a-ae2e-723d0c902174,11934,12245,-311,False,4,1268,1305,-37
9c8eb507-61a5-427e-b521-d2193363c3f7,13025,12921,104,True,4,1635,1538,97
9c8fe4ec-6075-4605-ba33-ca47aeffeda7,13920,13325,595,True,7,1541,1470,71
9c939df0-1e85-46c1-92a2-fd956d524af7,11994,13478,-1484,False,0,1581,1314,267
9c96b9f7-c753-453c-821c-39e48af4dcb1,13380,15093,-1713,False,1,1190,1610,-420
9c9bc4ba-29e9-4233-bec3-2d5382077813,12861,14123,-1262,False,2,1335,2177,-842
9ca4cc9f-7056-4ff1-ad9a-e764644e64c1,13273,13778,-505,False,1,1164,1324,-160
9cab62e2-399d-4ea2-a736-34dcfcd7ecf4,13059,12212,847,True,7,1733,1124,609
9cb18582-dc0a-45fa-9097-6abfe2ed53e1,13350,13478,-128,False,4,1500,1345,155
9cb6cfd1-c417-4ada-ac87-68f6f026cc69,14670,12773,1897,True,7,1705,1673,32
9cc98351-6ba5-4ce0-9a95-d3232fca4a93,14576,12646,1930,True,7,1412,1907,-495
9ccbd081-6da7-46f1-98bf-4ea0e745473b,12447,13354,-907,False,2,1120,959,161
9cd08aa5-880e-4a31-b338-7e0b981ee6fb,14667,12465,2202,True,6,1523,1371,152
9cd19497-c82f-460d-bbdb-c7d2caa0546c,12926,12140,786,True,6,1265,1274,-9
9ce367c5-00b0-4169-bd82-130445c58318,13275,12596,679,True,7,1215,1053,162
9cea271e-9c14-40c3-8ca2-d38d554a5678,14353,12286,2067,True,9,1130,1391,-261
9ceb7291-7327-46d5-b4ba-075fa3e319a9,12630,13403,-773,False,1,1491,1493,-2
9cec2210-a8f9-418f-8201-16e6001a688b,14031,12868,1163,True,8,1103,1279,-176
9cecebc2-f56d-45ba-bff3-3c21642f02ac,12868,13142,-274,False,2,2331,1288,1043
9d10d929-a56b-48e6-a289-da5d6b76cadb,11816,11335,481,True,3,1989,1026,963
9d18af0c-c007-4c1b-b998-5e0b3b006117,12547,13285,-738,False,1,1249,1609,-360
9d233534-8cfa-4fa1-9c1b-3585117bbd3c,13751,12733,1018,True,8,1946,871,1075
9d263c1a-bbd5-4dd3-9388-902d128144a2,13787,13776,11,True,4,1578,1570,8
9d276855-b1de-4653-83ea-61f5e69cc971,14076,13400,676,True,5,2360,2107,253
9d30f00f-1997-4911-806a-0ab77d787f41,13741,14106,-365,False,5,2204,2702,-498
9d59999c-0507-4f71-9077-853c54a7542f,12707,12774,-67,False,5,1419,1573,-154
9d6b27e5-3e6a-4e52-b7af-582c5b149360,12384,13327,-943,False,1,1163,1546,-383
9d771903-b87a-4313-a1ca-09324afcd077,14431,12588,1843,True,5,1806,1306,500
9d836310-3aa2-4f79-8a47-d0427aca9e98,13800,13485,315,True,5,1546,1450,96
9d929551-9ab6-4d25-bc60-73014bb021ef,11907,13972,-2065,False,2,1154,1247,-93
9d92abbc-9097-4253-8fc1-e072516b1e9e,13230,14228,-998,False,1,1647,1439,208
9d99ca7c-e930-4d71-80f8-790d75ae5d92,13513,13025,488,True,1,2044,1456,588
9dc01933-db1b-4fcb-8336-def60ccba890,12832,13588,-756,False,0,1380,1713,-333
9dcadc3c-7c30-4773-af55-a73edb4cf589,12573,10730,1843,True,7,1399,977,422
9dd38fab-1767-4016-944a-36df9d170871,13244,13632,-388,False,2,1726,1693,33
9dd69c35-8a60-4349-9a20-25f605e58260,11945,12956,-1011,False,3,1456,1287,169
9ddcb619-234f-465c-85d3-7429ac2831f1,13496,12289,1207,True,7,1483,1229,254
9dddd670-02db-4e54-ae6a-1a992dda6d9d,13442,12718,724,True,8,1492,1270,222
9dde01a7-d23d-4cbe-aac5-94a7be6b84cc,13912,12500,1412,True,7,2114,1494,620
9dec6e5c-68c5-4453-ad2a-49878e2d916e,12660,13704,-1044,False,1,1211,1268,-57
9df1443a-ec02-4fce-9af5-76534d3226e2,12582,12163,419,True,3,1658,1528,130
9df286c3-0afb-44c8-92c3-5c8af598bb45,13066,13603,-537,False,5,1125,1901,-776
9e07d4b1-008c-4733-b089-88d48a9246eb,12544,14156,-1612,False,0,1261,1635,-374
9e227ec2-ff84-4141-aeca-44f5005f1be6,11922,15659,-3737,False,2,1121,1932,-811
9e2ca12b-dd1b-47eb-ac63-748eef40e8f6,13575,13021,554,True,7,1462,1549,-87
9e32570e-f7db-4033-ad99-d57092001ac0,12836,13831,-995,False,2,1242,2036,-794
9e3f7fae-c226-4ba2-aca9-acbc5fc8955d,12983,14637,-1654,False,2,1655,1530,125
9e4cf14c-7fc9-4ff2-afb7-435028cc4030,13294,13714,-420,False,3,1400,1760,-360
9e53ab56-5153-44a3-8868-5bac7c3e1c1e,14267,13980,287,True,5,1622,1351,271
9e6562a3-0f8c-4f77-9715-3266c803ae4a,11935,14531,-2596,False,0,1256,1848,-592
9e68e3f3-dd80-430b-a73a-2789b013119c,13227,12540,687,True,8,1354,1403,-49
9e6e5a0a-9614-485b-bf7d-afda73ef0607,12299,12725,-426,False,2,1577,1429,148
9e74d538-471f-4c58-be04-692b1edc4a93,13364,12951,413,True,4,1145,1289,-144
9e7572f1-04cf-46b8-b5da-3bfdaade5a0a,13174,12534,640,True,7,1774,1259,515
9e7742d0-7257-461c-8949-f0a2325f2a05,13793,14448,-655,False,4,2415,3442,-1027
9e7e8b0a-8aa8-4427-9a00-b8c34e1f07ff,11740,12835,-1095,False,3,1161,1103,58
9e86373a-d83a-47f4-aaee-12f857db18ad,12994,13292,-298,False,4,1539,1537,2
9e8b7f4c-91de-459a-9a9c-dec6f104657f,13762,13610,152,True,8,1464,2132,-668
9e98dc3a-b781-4df3-97e9-3ce8ae587def,12790,12994,-204,False,5,1446,1337,109
9eb82b86-e130-4c03-b05b-0a2d6445c9cd,13680,13551,129,True,8,1334,2073,-739
9eb884cf-1948-4084-9f4f-805ed9bb23cd,14408,13025,1383,True,5,1492,1237,255
9ed4e009-9225-4200-adf6-6f4d39564c65,13302,13868,-566,False,2,1743,1278,465
9ee8fcc4-3810-4c18-b7bc-28ab8421e7f5,12543,12610,-67,False,1,1437,1292,145
9ee988cd-9751-4f80-9d5d-c82671642d1b,12873,13317,-444,False,1,1457,1541,-84
9eecbed6-46f2-4d4e-a138-9aa4578de3e9,13390,12992,398,True,7,1233,1576,-343
9ef3deee-d0c6-430f-a045-c1e1b0bcf5d7,15259,12847,2412,True,6,1590,1585,5
9ef4286b-52b3-4705-b208-1b0c9173c6e7,13314,13512,-198,False,2,1634,1501,133
9efeaed1-b041-4a4e-a115-4a34ed41e357,12474,12060,414,True,10,1386,1287,99
9f08b2cd-7e41-4c4f-a56b-8896968b0803,13589,13213,376,True,4,1715,1203,512
9f10540a-d220-4af7-8a7d-1aca69abf63b,12379,13980,-1601,False,1,1081,1507,-426
9f197d7f-69d4-4063-bfba-b90d4b18787e,12875,13396,-521,False,6,2006,1568,438
9f2d8fd4-7640-41fe-9045-12871e66cf9e,12530,12492,38,True,8,1203,1912,-709
9f2e7ba0-3797-407d-9760-17484a8e33c8,12913,14124,-1211,False,1,1328,1932,-604
9f3f5829-6841-458d-8b63-008f0c1dd00f,12495,11570,925,True,5,1184,1105,79
9f409ccb-20cd-41ae-9ba9-f539dd3bbde3,13562,12571,991,True,7,1741,1656,85
9f423985-d251-4242-9cc7-80d7e7ec8408,12996,12763,233,True,8,1426,1510,-84
9f4cd1bb-1e5c-46a4-bc47-7803a657c9ce,13880,13747,133,True,7,1404,1546,-142
9f659d52-9cc2-47dc-bca1-64949fb386b7,12989,13426,-437,False,0,1177,1552,-375
9f6d5712-cc9f-41df-8b6a-c803ce5ca12e,13215,14403,-1188,False,3,1388,1464,-76
9f6eb848-3536-4dd5-b3e2-2fff5a817c99,12332,12746,-414,False,0,1168,1269,-101
9f80fc0a-495b-44fe-b433-37f78f16e018,14410,14196,214,True,8,2257,2742,-485
9f85f7dc-ecad-47aa-b78c-eb657c9fcaf6,12918,13061,-143,False,2,1656,1382,274
9f8e1f9c-e4ff-4877-bb14-3824b74ee4f0,14639,11472,3167,True,7,1473,1311,162
9f913ec3-e393-408f-a31b-7ceaa6c67ebf,13709,13347,362,True,5,2032,1440,592
9f95b0ea-aed3-46cd-853b-6cee1e9f521d,10920,12912,-1992,False,0,1206,1286,-80
9faadb76-1b11-41b6-b6d2-17bf5c8e1b28,12017,11860,157,True,6,1298,1259,39
9fc6ce47-3e76-4e94-9c5c-c4861f008ed1,13340,15688,-2348,False,0,1385,2263,-878
9fd10320-45ba-4ae4-83d5-74802a29eaeb,11385,13203,-1818,False,0,1190,1821,-631
9fe7f045-af9d-4012-b3aa-b04ab58aa222,14363,13278,1085,True,6,1463,1631,-168
9ff033b6-fb91-4495-aef9-5a1092639768,11870,11885,-15,False,2,1526,1357,169
9ff7040a-44ab-4ef5-ac03-c5cc806b9f9c,11171,11535,-364,False,2,1084,1263,-179
a004938c-30fb-432f-b7bb-ebb5794b8e3a,14511,15275,-764,False,2,2550,1511,1039
a00c3744-b947-4e14-a167-de4123a8b777,12432,13293,-861,False,0,1596,1529,67
a014c40b-491f-4a2d-979c-e8673705cc75,12928,13155,-227,False,2,1351,1591,-240
a018d943-7998-4b11-b285-1aa6c6dfb6dc,12767,12820,-53,False,1,1418,1319,99
a020fa4b-444e-47b6-9c45-2a60b569d41e,13889,13692,197,True,3,2369,1610,759
a03d085b-bfd6-4ab2-9ee9-0e6f43e383ea,13423,15076,-1653,False,4,1449,2087,-638
a03e2455-3402-4987-8e44-bcbebdf6af1f,13597,13484,113,True,5,1962,1837,125
a0563c41-3b78-43eb-a40f-e451a79039b8,11910,11785,125,True,8,1490,1360,130
a05f05c1-b61a-45e6-b7fe-14b387f1b6f7,12836,12790,46,True,5,1461,1546,-85
a067e08b-8041-41b2-86ff-20a936ddc721,10976,11686,-710,False,2,1229,1274,-45
a0754c1d-027e-42ca-a5c5-b20dbcf9dcbc,13237,13358,-121,False,1,1638,1615,23
a0758675-f63a-409a-bd87-550324b20478,12781,15165,-2384,False,1,1558,1363,195
a0979363-d04f-4ec9-90c1-29415daf0059,12915,12801,114,True,6,1178,1426,-248
a0991977-052f-46b2-8266-57da1d3ef17b,13421,10862,2559,True,10,2691,1390,1301
a09a3815-66d6-4dde-bb42-b71de566039a,13088,12947,141,True,6,1615,1674,-59
a0c0df3b-37e5-4403-9b4a-dd7bf6622231,12821,14078,-1257,False,1,1741,1355,386
a0e56239-2568-4376-8dc7-a94fe5362604,12938,14353,-1415,False,0,1407,1621,-214
a0ee7753-281a-4035-9f4a-1256d69e7439,11606,12160,-554,False,1,1205,1440,-235
a0fe2b05-cd68-4f4d-b141-72114be805df,13573,13267,306,True,6,1535,1481,54
a1008397-ede5-4655-b6fe-46c16f2fff92,13685,12946,739,True,4,2356,1204,1152
a10780ac-b6a7-480b-9043-e1c3e333cef2,13113,11520,1593,True,8,1648,1239,409
a10b7b3b-9371-41c2-816f-7220307ffa31,13473,14929,-1456,False,3,1528,2951,-1423
a10f6d86-dd0d-4e73-8d65-11454c5c19d4,14305,13940,365,True,4,1821,1453,368
a11088f8-bfab-4fe6-a765-454e8318f874,15096,12404,2692,True,8,2896,1165,1731
a1204807-8ac0-4abf-ab16-bfddc92eb721,13103,11902,1201,True,7,1913,1153,760
a1224f58-0bcc-46fc-9a81-1c0728dbccb3,12874,12500,374,True,7,1594,1435,159
a12bfea0-6eda-445c-98ba-11f57624ed6d,13257,13110,147,True,5,1512,1462,50
a131fbc4-53fc-4321-87b4-c477045d2078,12646,13756,-1110,False,3,1482,1154,328
a135104d-9f41-4f18-95d3-c1a3011a2d04,12605,12815,-210,False,6,1328,1576,-248
a135521c-fc2d-44e4-a0ba-445f2de6e229,13529,14982,-1453,False,5,1233,3411,-2178
a1382739-4c6d-48fb-8d04-11ae40226dc9,13943,13676,267,True,2,1512,1561,-49
a13830d3-96bf-438d-a95f-cea4a8f2931d,13516,12991,525,True,3,1632,1297,335
a1412638-26bf-480f-8cc0-a2c433cfb359,13471,13268,203,True,6,1649,1344,305
a14c526a-fa43-4d5c-8c65-b5c9a5c72982,15399,12183,3216,True,7,2852,1328,1524
a154fe89-8bd2-4939-ba81-7ea036c913d9,11745,12000,-255,False,4,1436,1702,-266
a1679fab-ac09-42a9-869a-cb2ac8cbd3db,14107,12197,1910,True,8,1560,1386,174
a16aba19-7282-4dc9-8b00-7b784fcf760d,14043,13062,981,True,7,1922,1499,423
a17b3325-5b64-401d-a57d-60ccb99f4279,14189,12841,1348,True,8,1603,1370,233
a17d0832-7109-4b97-8714-7da70b5d85e4,11772,13724,-1952,False,0,1359,1497,-138
a18496f3-bd1e-49df-bebf-010e971c1ae9,13276,11914,1362,True,7,1512,1328,184
a18eee9a-3210-4037-911f-c154db8cb11b,12936,12676,260,True,6,1522,1605,-83
a1a6280d-33e4-48f2-b0f0-185e1db06868,12477,12893,-416,False,1,1283,1489,-206
a1a72e43-a693-4660-81ca-9d71933bdaf6,16899,13661,3238,True,7,1727,1517,210
a1b8376e-6c8c-495c-96e2-333ce306a00f,12627,12874,-247,False,4,1332,1373,-41
a1bb8d51-0183-4608-8d4f-3a5c170e216d,11833,12036,-203,False,8,1430,1187,243
a1ce4692-af16-42c9-91a8-90fab7204ac1,12091,14180,-2089,False,0,1143,1508,-365
a1d23e6e-d96e-432b-841e-07320e85a721,13914,13000,914,True,5,1392,1481,-89
a1d2cb42-1b25-4f81-8f35-f67d0aa203e8,12168,11201,967,True,6,1343,1213,130
a1db0a60-2b4a-43e8-b43b-332667d84171,13731,13307,424,True,7,1713,1427,286
a1e04f11-a3a3-400e-9999-f08df46aea66,13840,11761,2079,True,8,1481,1406,75
a1e41cd9-f9d0-42cd-b556-539e23506a3c,14304,14178,126,True,6,1653,1561,92
a1e7abbf-f992-42f4-b133-91897c1c7df6,12730,13454,-724,False,0,1062,1627,-565
a1fbb134-796c-4f16-a000-510df651e7d6,15033,13131,1902,True,7,1506,1568,-62
a2099642-8576-4f6e-9e38-8c4caa1295fd,13780,12534,1246,True,7,2119,1710,409
a20d3bba-0db6-4940-9548-75abdd000d98,12704,12601,103,True,5,1506,1282,224
a219d3bb-5c68-4d7e-964a-b99d4e4d1672,15123,14149,974,True,8,2425,2572,-147
a21ac89a-7778-4d5b-80df-ab0e1b55a5d0,13127,12887,240,True,8,1515,1607,-92
a225a75d-dcf2-4932-9b68-4e7a68dbda41,14206,12017,2189,True,8,1826,1177,649
a2269b03-833b-4990-bcca-9385f6970c87,14159,12639,1520,True,7,1441,1655,-214
a22795d7-970e-414a-a62b-cd03646e236c,14508,13853,655,True,4,1382,1948,-566
a228d74a-8c28-44d3-a8ac-5cc4295e1aae,13066,13739,-673,False,0,1489,1636,-147
a236a984-06d2-4bca-bc9e-af4c3a460f9f,13243,13266,-23,False,0,1434,1284,150
a23781a8-fb6b-40b7-b7cf-755fb2c66a74,14743,13171,1572,True,7,2389,2187,202
a27180ec-9dc3-41e5-aa9f-401a69e253f7,13090,13373,-283,False,0,1516,1517,-1
a2794610-9309-48d9-8621-8f4cdaf306b7,15287,14493,794,True,6,1718,1416,302
a27985ce-5eb7-48a7-8589-0eb43054b06f,13507,14480,-973,False,0,1917,1982,-65
a28021de-4388-4816-9aa5-a506ee9a14ff,13652,14433,-781,False,5,1893,2895,-1002
a291e2d0-193e-461a-a639-9a89c7e9aceb,12288,11909,379,True,7,1516,1350,166
a29a8350-6910-4c17-aedd-ad5a42143079,14159,13867,292,True,4,1584,1722,-138
a29f183f-b894-4c21-93ac-38809fc23686,12381,11879,502,True,4,1886,1499,387
a2a0eed0-3070-4c52-86f5-e8b14a01bee4,15194,12774,2420,True,8,1618,1464,154
a2a53adc-98e9-453d-84ea-426b63e8187a,13534,12429,1105,True,4,2438,1056,1382
a2a6f899-58e9-416d-b0b2-82cc7c9005c2,13441,12212,1229,True,7,1678,997,681
a2aed165-f0c3-4d50-ab28-0872715d9e4f,12313,11916,397,True,7,1337,1419,-82
a2b1339a-38ed-4dd2-a703-512bc87da3e8,13189,12996,193,True,8,1450,1608,-158
a2b94edd-020e-47bc-aead-b13376dcdb35,12669,11859,810,True,7,1878,1866,12
a2bd49af-7237-40f9-8da4-215e3a00da73,13586,13667,-81,False,3,2166,1798,368
a2d2837b-9518-45b3-b9b0-e8da7f25af79,12110,12493,-383,False,0,1301,1177,124
a2d52ff4-b9c2-46c3-abaf-65c66b012c0b,13097,12807,290,True,6,1702,1442,260
a2ddc55c-08de-49a6-8823-b2140c566319,12387,13647,-1260,False,0,1588,1321,267
a2df49f3-4898-49b0-bd55-df3dba4202ad,13078,13525,-447,False,5,1837,1453,384
a2ef5c8f-9754-4e82-9e2a-f4e1e41fc8a5,15049,13583,1466,True,7,2547,1497,1050
a2f66b62-2151-4edc-81fd-d9f5a76af994,11176,11478,-302,False,6,1248,1344,-96
a2f67bf8-1fdc-41ae-9346-d821992d9ed6,13684,12710,974,True,8,1402,1443,-41
a2fa4b2c-3fcb-4581-95c4-ade7d9bf7b03,12971,13404,-433,False,2,1456,1465,-9
a30892e2-bf56-4505-a4e9-ad4fdce9c2e0,13427,13619,-192,False,3,1591,1697,-106
a308b0b9-2d08-4faa-9996-0089b4ff9780,12623,12747,-124,False,6,1667,1466,201
a30accee-5b47-47be-964d-1301873ff620,13086,13844,-758,False,0,1688,1505,183
a30f4ec7-594b-4c1e-876b-2f62e5b1b163,11794,12871,-1077,False,1,1313,1232,81
a319e3de-03f1-4789-adc3-e3d5abeeb2d6,11970,14231,-2261,False,0,1289,2034,-745
a326e7b2-f57e-4c6a-9085-95e5ebc5004a,15224,13337,1887,True,7,1151,1179,-28
a32743b0-fe06-463f-ad8b-0e011aac0a2d,13367,13254,113,True,5,1432,1367,65
a3371248-eed1-4474-9a57-419171a2c603,12845,14854,-2009,False,1,1452,2245,-793
a33ccb73-054d-423a-9a37-7d2c69a00215,14315,13816,499,True,8,1381,1754,-373
a34e4757-cb94-4d3b-83bf-a82dfd94944e,13794,13087,707,True,9,1670,1644,26
a35022e0-37d3-4a0b-a971-b465633831ea,12898,13483,-585,False,2,1588,1419,169
a35498dc-cc6d-4460-90f1-99cf7c0495b4,14261,13727,534,True,9,1511,1326,185
a3713781-6b65-4af0-81cb-259fcdcf7dc7,12149,12867,-718,False,2,1191,1226,-35
a37446d5-675b-45ed-8f02-06a5170f2676,13602,13378,224,True,6,1543,1516,27
a37bd12b-9bc9-4a67-b5e1-414e7b438afd,13575,13134,441,True,6,998,1195,-197
a37e745e-e492-4b15-ba40-47f74e2b70e9,12228,12499,-271,False,5,1124,1450,-326
a37ebf45-f773-4823-9953-2eb306243ec6,12981,14621,-1640,False,0,1359,1496,-137
a3817e8a-34df-4b84-a4d6-c6b71d34afa7,13511,12685,826,True,5,1663,1194,469
a385ab95-9a4b-4c6c-aaf1-c34e0cce8b21,13608,13690,-82,False,5,1371,1464,-93
a39098c4-c2ca-4f4c-a305-959296effd78,13375,14299,-924,False,5,1672,2729,-1057
a3a2e3f1-3be7-4cd8-9f27-3980844b5271,14112,13014,1098,True,6,1503,1391,112
a3a99456-71a5-427f-88f5-9b9a951b8711,12305,11943,362,True,6,1293,1204,89
a3abb7a0-5b60-4eb1-a3dd-9e421ab1d0f9,13443,12167,1276,True,6,1379,1008,371
a3b5b347-c00b-423b-b060-c7182250b438,13474,13036,438,True,7,1635,1588,47
a3bdd18f-b643-4bb2-b2b9-928b4e59ae07,13520,14374,-854,False,7,1328,2743,-1415
a3c3073c-246c-42a6-ac45-64514e41f0fd,13056,13555,-499,False,3,1178,1600,-422
a3ccfe21-4f9a-4d84-9f06-ad6e189ff893,13925,12024,1901,True,7,1401,1320,81
a3d1a019-3f41-409e-bf45-53b4d86cc816,13455,12810,645,True,3,1982,1135,847
a3d922fc-ba91-4f47-a1e4-3d9e49750108,12591,12356,235,True,3,1344,1629,-285
a3db3ccc-a6d3-4ad1-bfc5-5f6635d99526,12730,11735,995,True,5,1817,1429,388
a3e23a2d-f8fe-4907-b406-cd80de623ddc,12554,11635,919,True,7,1354,1815,-461
a3f31ee5-7437-4199-a0e2-a6566aae5e8f,13842,11548,2294,True,8,1292,1309,-17
a3f52548-2e6a-49de-a7ef-79f90f36ada7,13501,14761,-1260,False,2,1391,1383,8
a3f5373d-fc5a-45d3-a578-0f93e320ab09,13041,13009,32,True,5,1455,1246,209
a3fc256a-a368-4b05-987f-d055ba3c2928,11303,12716,-1413,False,1,1326,1092,234
a3ff28fc-74de-4f2b-b4f4-2f185f16803c,12989,13028,-39,False,0,2173,1615,558
a3ffc16e-f09c-44a6-bf42-c7986c997ea7,11499,12340,-841,False,3,1030,1880,-850
a40b15b1-3ded-4623-a9e0-a3dd349829af,13491,13938,-447,False,0,1693,1419,274
a4126fe6-604d-47c1-b9fa-2f913b557f9e,13340,13054,286,True,3,1574,1604,-30
a416ac67-0e5c-468c-b4c8-f205badd4b19,12984,13827,-843,False,6,1263,2166,-903
a41c1b77-b5e9-496f-bd01-28671a30ed0d,14825,14868,-43,False,6,1660,1999,-339
a41e4245-ca06-4bf8-8d30-e61ec6467e0d,14090,13453,637,True,6,1240,1680,-440
a422dc91-d086-454b-8019-d4d657205cbb,14891,13979,912,True,1,2589,1319,1270
a4253ac9-ad01-4c5a-bb33-3c44703852e3,11462,12420,-958,False,2,1442,1515,-73
a43d7ec6-c13b-41ee-b0e0-14de78adfafb,12652,12460,192,True,4,1335,1290,45
a45aee7b-27e2-4012-b186-740607aee16f,13824,11531,2293,True,8,1718,1004,714
a45b1c4a-f841-4fb7-9143-5f2df6d98cdd,15324,13092,2232,True,9,1358,1448,-90
a465dc0b-5ad0-4110-9897-3330260d1292,11630,12483,-853,False,2,1393,1351,42
a466da54-ab30-4c79-86d2-fa3cafd11991,13006,12820,186,True,7,1546,1392,154
a472be8d-ae82-4d72-b640-20222f6abc04,13861,15073,-1212,False,1,1356,1475,-119
a493901d-bbd9-446e-9f6f-ee097853c508,12585,13116,-531,False,3,1598,1447,151
a4964ed8-b578-4ad0-bd35-9487edc2fbb4,13081,14560,-1479,False,0,1190,1785,-595
a49a3256-8f39-4fed-a527-84777c62d450,12434,12793,-359,False,5,1489,1330,159
a49dd042-6ccb-45a6-87a4-58cdfa32da74,12502,13234,-732,False,4,1466,1373,93
a49eedc5-7128-45ab-b466-6ee57cc23ce7,15013,12526,2487,True,8,2255,1146,1109
a4a14553-cb60-4430-9bef-bba381e6ced0,12810,15957,-3147,False,0,1461,941,520
a4a62817-14d6-4aea-8152-8685a6139091,14013,12931,1082,True,7,1354,1139,215
a4b3b986-7880-41ec-8102-b332c9b2b3bd,12159,12109,50,True,10,1207,1379,-172
a4cb8928-c866-4c0d-be1b-c48b9e5a98b5,13811,13864,-53,False,2,1612,1476,136
a4d27b79-2df0-4906-8b10-9220a24fc69a,12553,12907,-354,False,1,1676,1319,357
a4f50365-f156-4320-a7d4-ac24b49d10c8,12996,14292,-1296,False,0,1180,1489,-309
a4ffa458-d0aa-4bce-9f53-1993cbe7afa2,12791,13252,-461,False,3,1369,1460,-91
a500499d-a2bf-44f7-bf4b-2bf6f07f3c60,13108,10468,2640,True,7,2097,1033,1064
a5078288-cb5a-41e9-975e-51b11ea5f37b,11351,11525,-174,False,5,1241,1292,-51
a50c45e0-b9a6-4a03-ace3-c21954795841,13370,13309,61,True,4,1174,1402,-228
a51fed97-c768-4bd3-8fee-10ce9bc8ddae,14428,12590,1838,True,7,1520,1368,152
a53496c3-b1e2-4bb9-975f-43789f609535,14742,11093,3649,True,8,2545,989,1556
a534bfcb-0133-4b44-bb57-d0b4abfbed64,13369,13454,-85,False,1,1633,1390,243
a54feb01-24f4-4809-b47f-8af8622516e1,13030,13139,-109,False,7,1663,1774,-111
a551cbbb-8b44-48bd-9594-9a86613e41ad,13615,14307,-692,False,7,1279,1977,-698
a55a0740-899f-4457-bb98-6df404c4096d,14071,13929,142,True,6,1424,1278,146
a55a955a-d676-4b7f-8be3-a864f010a469,13577,13587,-10,False,8,1390,1691,-301
a5609b17-ba55-4fb6-b2d7-fe5c462e1516,13415,12511,904,True,6,1797,1343,454
a561337c-d571-4ef7-9751-238c812375d4,12829,12752,77,True,6,1522,1480,42
a562a96d-34ea-4456-9634-39c302e60d5e,13010,15226,-2216,False,2,1194,2668,-1474
a566145e-27e2-4cea-8cf0-d6c6653c2533,13470,14475,-1005,False,3,1146,1714,-568
a5733590-d25f-4dca-91ac-2f1bf4dec372,12728,11777,951,True,8,1328,1301,27
a5777564-8456-4fb3-bc4f-c4f83f1025db,12768,11466,1302,True,7,2037,1310,727
a57df029-e300-4dc7-b534-660a06b20927,13115,12881,234,True,4,1562,1315,247
a595a9c2-5fd9-4db5-bfa5-e29115b16abc,13304,12395,909,True,7,1357,1509,-152
a596e7dc-caab-4ea2-84d7-9c5e4efada4e,11615,11643,-28,False,5,1269,1414,-145
a599d14e-c632-479e-bbe1-66d0e01e591b,12964,14087,-1123,False,2,1399,1591,-192
a59e0afe-9c05-4000-9ec5-c3468f6a473b,13328,12836,492,True,8,1540,1432,108
a5a1c822-9019-4ee8-8552-d2128a1528f0,11844,11353,491,True,3,1219,1234,-15
a5aab356-2449-4fb0-8573-ae103e65e049,14131,12634,1497,True,6,1617,1321,296
a5ae7168-bc9e-4269-a768-aec65be0883c,17115,10818,6297,True,8,1763,892,871
a5bea901-c2c5-461d-8893-f5148f172db3,14189,12357,1832,True,8,1688,1248,440
a5bfe5eb-d5f5-4de5-8aae-707db7c7682e,13528,13970,-442,False,3,1753,1502,251
a5c5c21a-8bbf-4df7-9bcf-fc555d2f7c0c,13200,13576,-376,False,2,1444,1632,-188
a5c7f01a-1aa4-4bbc-8c6c-fb6a71d175ae,11399,12891,-1492,False,0,1854,2408,-554
a5c8faa0-9e72-4bb0-b344-2f59d04aa1e8,14729,12532,2197,True,9,1447,1371,76
a5ccdc79-a811-46c0-832a-3cb7fece1704,12389,13088,-699,False,0,1470,1074,396
a5d8d92b-1a0d-4b2a-a552-47ab70da9d9b,14227,13172,1055,True,7,1383,1806,-423
a5daed42-b25f-47bb-a021-36140cea8275,13066,15176,-2110,False,1,1285,2123,-838
a5e1158b-8e05-4ce8-9782-bf603c67dd53,12636,13468,-832,False,0,1362,1535,-173
a5e36cc4-83e6-4749-8aa4-a964884ed208,14842,14443,399,True,1,2728,2149,579
a5e4a843-cfd2-48bf-a64a-39890dae966e,14083,12392,1691,True,8,1574,1327,247
a613d75b-758f-405d-b306-042e731f15c4,13268,13164,104,True,8,1539,1628,-89
a6168d3a-7aae-4bde-8712-70b34884bb1f,13014,14664,-1650,False,0,1237,1620,-383
a6298702-8534-49fd-80b3-ea99d2a98839,13335,13685,-350,False,0,1610,1457,153
a62c75ad-16ed-433c-a02a-91aaecbc447e,12524,13351,-827,False,3,1384,1461,-77
a62cf4e1-0b82-4d8b-9c51-4dde16e51d42,14487,13736,751,True,7,1792,1548,244
a64f9745-aa2a-45cb-856d-a946dea57122,14007,11898,2109,True,7,1426,1273,153
a65bf350-dbc1-423a-aeda-5486e7566802,13752,13549,203,True,7,1527,1373,154
a6733026-c3b6-4c10-be80-5d358a5b0336,12253,12252,1,True,3,1570,1496,74
a673f576-c920-4861-831b-55b2eb620a93,12654,11337,1317,True,4,1962,1251,711
a6744a24-6a8a-4d18-a9b1-cd1da9f59b13,14982,12452,2530,True,8,1792,1550,242
a678853b-1522-4107-b3d7-7e70892eb2f6,13175,13164,11,True,7,1343,1484,-141
a67d5501-afe2-4d5c-9c9d-32d9b9ffc5a8,11880,13429,-1549,False,0,1206,1518,-312
a67e64bb-9ac8-4abc-b010-cc93801dad0c,12712,12820,-108,False,7,1267,2071,-804
a67f096d-79ef-4b17-869b-b44b14f8040e,13075,13940,-865,False,4,1634,1531,103
a6838a38-ebc7-4ce5-9562-3f67cbafc247,13647,13686,-39,False,3,1229,1713,-484
a6896172-8538-4221-991f-b931ccafb56d,12318,12119,199,True,6,1207,1441,-234
a696cd10-3585-4fb5-ad2e-26c3708ece5c,13872,13782,90,True,5,1461,1660,-199
a6a120f9-1781-443b-bd89-d6d7bfd13e17,13373,12603,770,True,7,1080,1383,-303
a6a6a55d-cdad-410a-b158-6ffe54f729d9,12668,12166,502,True,9,1533,1342,191
a6b010ca-e951-4d5b-ad4f-a3923e760a28,13277,12007,1270,True,6,1354,1108,246
a6b0aa02-affa-4d40-a22f-1cf63785d39f,11593,12088,-495,False,3,1376,1248,128
a6bad913-6137-4f1c-91ae-692add797263,13452,12886,566,True,7,1701,2033,-332
a6bbd183-eea1-4366-9fd4-1fd9b182a231,12533,13171,-638,False,3,1584,1206,378
a6c40ec0-b95c-4bf9-a3b1-dacf12b9cc3d,11685,12317,-632,False,1,1493,1414,79
a6cab7be-41b2-4ef3-9bfa-ba1fa1e8fa0b,14008,13632,376,True,7,1789,1662,127
a6cc1ddc-c1b4-4238-9e83-e948c6490245,13520,14600,-1080,False,1,1634,1732,-98
a6d39b67-0c3d-4408-8312-cbbc7af108e7,14081,13882,199,True,5,1378,1894,-516
a6d3befd-5587-4835-a73e-6707a45b84a4,12492,11849,643,True,6,1361,1319,42
a6d4f330-73cd-4180-b949-ae1b496a9739,12331,13403,-1072,False,0,1260,1138,122
a6f32fc7-0c71-46aa-bd50-0b6a08150a33,12487,12349,138,True,6,1477,1459,18
a6fd4fe8-51d6-43be-b3f2-35724e7be52c,14402,13161,1241,True,8,1720,1359,361
a70836ea-ffde-4665-9ac7-4f89ef208068,14089,13715,374,True,4,1392,1408,-16
a70989b2-e0d4-4935-8bdd-2389f39ae7d1,11476,14078,-2602,False,2,899,1880,-981
a71b4174-04d8-48ed-baa6-fa274bc2caf5,13468,12525,943,True,8,1591,1433,158
a71e6e01-46e0-43c7-8104-99d5c52e7292,13623,13557,66,True,6,1295,2441,-1146
a728b3ac-ce63-422d-a4d3-635984733f7b,12964,12553,411,True,1,1894,1336,558
a72ecfdf-ef2d-41b6-8b1b-f8a6b5f97776,14413,14927,-514,False,1,2269,2233,36
a7394749-b563-4a3a-ab2f-42ff4d54c339,12814,13694,-880,False,0,1518,1547,-29
a745e08a-46c1-4b1a-bd16-8fe95e01fdc4,14268,13755,513,True,5,2072,2003,69
a74a77c4-71e9-4d89-a92d-ef01fb06ec62,13846,14584,-738,False,1,1629,1860,-231
a75557a1-f970-4ad5-886a-2b86a582663b,12895,14402,-1507,False,0,1383,1137,246
a75809be-693a-4573-8213-4d37178fd83f,15720,11784,3936,True,7,2260,1452,808
a7655f44-ec70-4222-827a-1b3296dba66f,13659,12364,1295,True,8,1630,1278,352
a76d0ea7-9524-40e9-8a48-0e46a80c36cd,12705,12124,581,True,4,1427,1195,232
a77252ab-e70e-4956-9f16-52f1f6f9e54f,14917,14040,877,True,8,1890,1901,-11
a77f328d-0f5e-4f06-88a2-00f34b506c77,12333,13046,-713,False,1,1562,1512,50
a798da24-13fb-4a58-b046-6040411db1d0,13408,12655,753,True,4,1523,1262,261
a7a2e889-ef3b-450b-87bf-d68d1560bdac,12377,13892,-1515,False,0,1397,2358,-961
a7acf8a5-29e2-43dd-a6d3-1886d8e3f3c3,12845,13672,-827,False,2,1865,1430,435
a7ae9638-3d33-4026-b22a-8d750af1cf4e,14684,13293,1391,True,6,1707,1158,549
a7b8e58e-52b3-4b52-9ab1-0c48d3474be4,15346,12993,2353,True,8,2099,1380,719
a7c109e3-bf1a-46f1-aef9-ccf5f551e9ce,12593,13351,-758,False,0,1531,1565,-34
a7c7f937-1d15-49ae-8894-9f219b12ccd5,12479,11760,719,True,1,2224,1179,1045
a7d21287-5579-4e8f-8f3e-1474e885e678,13119,13238,-119,False,3,1229,1329,-100
a7d27e57-1018-49b1-b87f-08a6441d5756,13562,13128,434,True,7,1470,1522,-52
a7dfe608-d309-4a79-87f8-d20441cdffd4,13048,13182,-134,False,0,1329,1275,54
a7e2ab9b-a214-4d02-a094-34aeb51f0578,11845,14560,-2715,False,1,1490,2632,-1142
a7f2e28a-df8c-4d98-b3cb-41f517821462,12162,12553,-391,False,4,1434,1380,54
a7f39280-11dd-4ac8-9ab3-bc472a99fbe5,14086,14797,-711,False,6,1155,2085,-930
a7f8aaa3-db03-46c0-8179-a45f30582c9f,12832,13497,-665,False,0,1594,1316,278
a7fafd7d-399a-48b2-9103-67eca11dae89,12632,12067,565,True,7,1133,1368,-235
a7fd037a-293c-438e-8f3b-9cf8344cc73a,13972,12681,1291,True,7,1601,1681,-80
a7fdfad7-5cb7-4ebf-82a7-65109092c24a,12553,11843,710,True,8,1593,1317,276
a7ff99a9-b921-4aa4-9b55-4d98c421e4cb,14077,12392,1685,True,6,1260,1272,-12
a8016b79-f6a2-4322-8349-d44b04d07c5d,12894,14185,-1291,False,0,1505,1907,-402
a80874f7-c542-4d31-82ad-ae9ba46718a8,13502,12535,967,True,6,1178,1486,-308
a80b576d-8392-4fe4-8df6-99859457b4b3,12872,14559,-1687,False,1,1611,1297,314
a80dd4b4-043f-40c0-99fe-d671b14a5308,13023,14106,-1083,False,1,1430,1763,-333
a827f221-eec9-4237-82cc-baba36c15ff8,14056,12466,1590,True,8,1685,1365,320
a8289f68-6255-4cea-b068-abb26b2b6182,13869,12786,1083,True,6,2095,1006,1089
a8329a3b-8c7d-41cf-aac2-89319285d214,13307,13475,-168,False,6,1441,1662,-221
a83834f4-be26-4703-be5e-782e45f956d1,14245,12934,1311,True,7,1420,1288,132
a839ae3d-7850-45e8-854c-4c8fa68aaf60,14115,12972,1143,True,7,1140,1728,-588
a83e13b8-73b6-4d14-a421-d88aeb08ac7a,13608,12869,739,True,4,1487,1930,-443
a842d888-dea9-4ecb-acfc-dcbcf29d1407,12401,13990,-1589,False,1,1201,1407,-206
a859794e-f905-44e8-a6a5-7861f463eedb,13481,13514,-33,False,1,1050,1033,17
a85debd0-1929-4226-a4f3-4fccc1185553,11098,13082,-1984,False,1,1240,1465,-225
a85f9e43-5d02-4697-8b51-5aa0a159ebf0,11991,13302,-1311,False,0,1155,1501,-346
a86093a3-c11a-4b4c-954f-11a71c3cc200,12433,13980,-1547,False,2,1199,2001,-802
a8626ad0-428b-4e34-b188-059ad2a99aeb,13989,12534,1455,True,8,1196,1331,-135
a86edf04-5dc1-4a7d-bc4a-07163357699e,14857,12895,1962,True,7,2205,1445,760
a886066d-d396-4c97-8105-14b9382d2db2,13012,13496,-484,False,4,1179,1714,-535
a886a588-18b1-4f0b-8fad-1bc4ab928abf,12330,12241,89,True,6,1194,1430,-236
a887c122-49c9-473a-bc36-a2a0223aed4c,13193,13601,-408,False,1,1531,1421,110
a88d7358-208b-4c39-9ba4-82e99902db39,11665,12180,-515,False,2,1264,1396,-132
a89756fd-92c0-4efe-9cf0-401d7ed9e50c,11055,14000,-2945,False,2,1118,1353,-235
a8a6e931-ec4d-4210-a671-fb0b413d6550,13478,13534,-56,False,1,1824,1541,283
a8acf563-cf7a-4d75-b46d-a6dd3fe20288,14374,14581,-207,False,2,1603,1338,265
a8b5cfee-a24e-4062-96ff-cc7540ea2803,12732,12081,651,True,8,1494,1220,274
a8bf45ed-fafd-4fbb-a069-650e0eedc24c,13305,14034,-729,False,0,1677,1690,-13
a8c1599e-87ee-48ca-9ce5-c18b273558da,14314,13191,1123,True,7,1874,1936,-62
a8c20a53-57a7-450e-a91c-3a75f92ac075,13029,12490,539,True,7,1570,1488,82
a8d6f35f-e345-43d1-841f-cd6f1b1709f5,13452,12849,603,True,4,1513,1434,79
a8ddb93d-6bf4-4b4f-9756-13131f7c0791,12804,12522,282,True,5,1228,1355,-127
a8ddc82e-9434-4e1a-a73c-df04101ad9a5,11388,13672,-2284,False,1,1171,2591,-1420
a8de3915-67a3-46cb-9075-0720a3c34aa7,12207,12351,-144,False,3,1452,1431,21
a8ded032-deb0-470a-9fe9-0af33bc74e8e,13659,13538,121,True,8,1434,1700,-266
a8dfc331-65d9-4d98-8f03-c23cbfb4509b,12539,12332,207,True,8,1072,1489,-417
a8f0185f-3f0e-423b-b46b-d3f3ebb4cbd7,13755,13188,567,True,8,1810,1822,-12
a8f2599e-2e0f-4ae8-85b7-0355045e38d1,13622,13797,-175,False,3,1286,1282,4
a8fd4663-9966-4283-970d-ca9dbaae30d4,13080,13681,-601,False,2,1422,1349,73
a9008732-79b6-4092-b14b-65152da4d11a,13734,13449,285,True,7,1549,1572,-23
a901f030-1c50-42f5-85fe-a479f761bb87,13493,13365,128,True,7,1400,1288,112
a9293a8a-873d-4a8a-b468-fde87c2af912,10835,11417,-582,False,0,1242,1129,113
a936e65f-4e9d-46c6-a5a3-0261eaeaf24d,14174,12925,1249,True,7,1631,1266,365
a93980fc-ed6d-4764-8f67-8c7820674bd3,11159,13013,-1854,False,3,1283,1338,-55
a93bc411-f269-4926-aec7-b207e9583c2e,13901,13696,205,True,7,1459,1457,2
a944f21c-af45-47a8-9e81-6d521deef424,12585,12912,-327,False,2,1118,1299,-181
a9468467-bbf0-4b64-bd51-fb56c747be97,13243,12618,625,True,5,1728,1292,436
a94b2465-557f-4e30-95b5-1f33e718d568,13223,14594,-1371,False,0,1189,2103,-914
a957082e-47d3-4bcb-89f9-0fac30d77fa9,14351,13737,614,True,8,1534,1418,116
a9651abb-a035-4468-9b01-7bb259a08eba,14943,14362,581,True,8,1441,1550,-109
a96f6454-a6bf-4028-b003-7ca52958a307,13138,13483,-345,False,0,1194,1416,-222
a9740f39-e542-40c5-8864-186b5c2afadd,13992,14919,-927,False,1,1831,2288,-457
a9753ea0-7454-4db5-bf49-6f2ce8754ab1,12759,12683,76,True,5,1379,1416,-37
a975d01c-d277-46d6-98d4-3a0861abd231,12324,12666,-342,False,1,1566,1112,454
a9767da1-889a-4948-bcd2-260d2534b0f9,10902,12567,-1665,False,2,1091,1600,-509
a97ce813-40a6-4f23-9f88-e28901225a33,13064,12949,115,True,2,1534,1393,141
a97cf3cd-6ca7-4e0a-8b11-933181caf3f8,12590,11696,894,True,6,1215,1468,-253
a98a0f00-925a-40b0-b58d-92356bb4fc97,13581,13379,202,True,6,1365,1541,-176
a99022a9-e60c-4162-ac78-4d886fcc4072,12867,12467,400,True,8,1461,1616,-155
a9a30dbd-819f-48b7-8d66-cbad6805683d,13486,12662,824,True,6,1378,1285,93
a9a73728-d824-4f30-b589-6581bb4c1f9e,12719,14168,-1449,False,1,1311,2092,-781
a9af41e1-cce1-4408-abc4-1953d6176931,13481,13099,382,True,3,1857,1380,477
a9b077dc-9951-4a45-b325-2446d0bac6b5,12978,11706,1272,True,7,1675,1311,364
a9ba425f-ca58-48b1-bcea-c4730737d172,13035,12721,314,True,5,1573,1384,189
a9c46dd6-1537-4e79-b17b-a72370425f08,12244,13642,-1398,False,2,1244,2016,-772
a9c4ce77-71ab-4df2-a185-f5bca8701673,13172,12907,265,True,3,1607,1172,435
a9d1fe1f-9b47-4e57-b567-8bd4bcf8d844,12586,12741,-155,False,0,1324,1440,-116
a9d29885-bf11-4061-a1f5-3c033267b438,13685,13760,-75,False,6,1576,1290,286
a9df36e3-03a3-4ec5-81e5-30774020f675,11770,11901,-131,False,1,1253,1180,73
a9edd631-64e4-44ec-a7bb-668e60845552,13111,13114,-3,False,2,1385,1540,-155
aa024e55-a183-4dc1-9c0d-c9ecae96fccc,13111,12845,266,True,5,1453,1376,77
aa04104c-1faa-4bbd-a9c1-b20f6d03302d,13271,13052,219,True,3,1605,1599,6
aa0b75f9-3679-4980-8c98-7b5799f339ac,12024,11498,526,True,3,1889,1135,754
aa0d0d50-ed9c-4664-9acc-399661cd5166,12912,14498,-1586,False,0,1421,1321,100
aa0edc8b-7a7f-4a68-82be-18a31ed31732,14190,13178,1012,True,7,2206,1325,881
aa0fe99d-62a3-4f38-bc72-1ff6b12bfa14,11824,15025,-3201,False,1,1203,1852,-649
aa15e198-9e5c-4397-972b-77db525cc796,14853,12400,2453,True,8,2728,1530,1198
aa167aaa-6e44-4ce2-9837-dbb6ed44c725,13636,13533,103,True,7,1399,1576,-177
aa1969b9-fc90-4303-bd53-dc1efaacb304,12721,12148,573,True,8,1415,1518,-103
aa21c498-18e2-4284-b5cd-d23f81308a45,13146,13004,142,True,7,1580,1479,101
aa221835-1039-415b-9a17-ed4d487f7633,12433,12183,250,True,7,1242,1216,26
aa2d61b2-d937-4287-a803-eeec450ab055,11924,11338,586,True,4,1678,1241,437
aa328755-a159-4e14-8364-3a5af4c67a4b,11841,13472,-1631,False,0,950,1794,-844
aa469766-fe44-44ff-ad80-c0b558ffa0fb,13313,11994,1319,True,9,1818,1314,504
aa482dba-303c-4557-b4e9-916ccbf73311,14538,14439,99,True,6,1552,2258,-706
aa552fa4-16cc-4fcc-afd1-50b8266b74fe,13161,13409,-248,False,3,1361,1287,74
aa580cda-65ce-45c7-9c65-952f78b6cc1f,13194,13444,-250,False,1,1652,1538,114
aa5cc5b8-f1d0-46ad-8cde-da2efb6e3c5b,14288,12777,1511,True,7,1412,1582,-170
aa6e4a14-2ecb-42c1-b0eb-8895ab5cb6f6,11820,11753,67,True,6,1208,1381,-173
aa7333de-d126-4085-b92c-e51e759dbc6e,13908,13481,427,True,4,2152,1725,427
aa815cad-26d7-49b7-aec5-a1c9c16bef3d,12822,13391,-569,False,0,1715,1454,261
aa937edc-2cf3-4748-b3c1-462f8e290135,13039,13585,-546,False,3,1199,1505,-306
aaa0fdec-313e-4536-8901-99d5395ddee3,13181,12523,658,True,6,1341,1242,99
aaa1b1f7-aeba-4da6-a5c2-6760f0677cf9,13271,12055,1216,True,8,1210,1269,-59
aabe47dc-a83a-4c16-b79c-543b8b0fac3f,14014,13344,670,True,6,2347,1358,989
aac3341e-01b1-45fb-80be-c0528bd1bf25,12091,11511,580,True,7,1122,1108,14
aac4fae1-3dc8-4dee-95b2-adf0bcd09f72,12814,12998,-184,False,0,1446,989,457
aac740f8-bca5-4990-9a24-2d8bc32a1f52,13746,13120,626,True,8,1780,1578,202
aacaaacf-635f-4702-ba4d-afdeff6c748b,13111,13965,-854,False,1,1398,1373,25
aacb14b6-3c67-4bb8-94f5-a582287f765c,12624,13087,-463,False,0,1427,1358,69
aacf4f12-b1bc-41e4-8101-bcff77877ebe,12663,13190,-527,False,1,1143,1416,-273
aad6bf85-7967-43af-995f-04a9b54f470c,13738,13422,316,True,7,1201,2010,-809
aae11bb3-f3b0-43e8-9fb6-3f90bf2c908e,14900,14578,322,True,3,1461,1426,35
aae3d584-550c-4da8-ae57-e4166df61361,13342,11953,1389,True,3,1494,1560,-66
aae79bb5-e414-4693-a244-86ad42209007,14740,12211,2529,True,8,1997,1164,833
aae7eaa1-4ee9-42f1-b6e4-edd1d7d28403,13829,14289,-460,False,0,1651,1461,190
aae8c7f1-4712-4349-a64e-435ea271edad,11900,11366,534,True,7,1447,1376,71
aaec95eb-5d88-418f-abd8-142dfe616cfe,12727,13916,-1189,False,6,1504,2609,-1105
aaf3332d-458f-4651-94b2-82caa98265f9,11663,12186,-523,False,0,1128,1544,-416
ab01f7c3-6677-4b96-9b6d-c108772fbe5a,12222,14289,-2067,False,0,1259,1082,177
ab0cda3f-27b2-426f-bbb2-6825ecfe01e8,13463,14351,-888,False,0,1866,1559,307
ab0f2fff-9880-4835-810e-ec0bc3d8b1a7,13885,13537,348,True,8,1472,1625,-153
ab1ad061-3a0b-4ced-8cb6-8620fa5811ff,12913,14380,-1467,False,2,1115,1963,-848
ab2854d4-d442-4171-9952-bf2d9f287181,14055,13412,643,True,2,2220,1206,1014
ab28755b-9573-4992-97aa-ea5d1363753c,12919,14566,-1647,False,4,1626,1874,-248
ab2aea2f-9da4-4461-970d-7f3f59a51f11,13626,13700,-74,False,7,1103,2018,-915
ab338c2e-7161-4a8b-b048-0f0baf84ac67,11891,11809,82,True,7,1381,1263,118
ab389078-c2b6-40be-a99e-baf9eb0f0d5a,14348,13591,757,True,8,1631,1495,136
ab55657b-635e-4b35-810d-c1bfc69cc51d,12956,13542,-586,False,6,1384,1467,-83
ab5ff8a8-15c7-48b3-90a5-b5a09eff996e,12416,14085,-1669,False,2,1038,2462,-1424
ab62905c-90bb-4126-84c0-702dad0afb7c,13461,13616,-155,False,4,1423,1391,32
ab6361a8-c5aa-429e-9158-4c9b1347a90a,13600,13623,-23,False,3,2105,2112,-7
ab6bd51a-aa53-4a8d-8dc6-f16b71f62c85,11875,13879,-2004,False,0,1359,1849,-490
ab791b21-8199-4336-a62e-3fa1c194297b,13519,14831,-1312,False,1,1382,1629,-247
ab80a31f-b7f5-4b12-aaf8-050fd7b44df8,13390,12111,1279,True,7,1530,1275,255
ab85d145-66dd-40ff-9cab-f0ed813cdfd8,12552,13458,-906,False,6,1580,1174,406
ab90733b-91d3-42a9-a036-9d77f9080088,13564,13664,-100,False,5,1549,1757,-208
ab949499-8f49-4326-8580-d786dd046f71,13423,13265,158,True,9,1411,1372,39
ab9653ec-51a6-4f29-8443-6b73447f91c1,13758,13096,662,True,8,1406,1570,-164
ab980bf2-9d2b-4159-aa6f-0995661fee82,13253,13179,74,True,4,1754,1315,439
ab9acf7c-e724-4b66-953d-09ca34581558,13219,11465,1754,True,8,1394,1372,22
abaddddb-9675-4870-b304-5fed4a81ebd0,13180,12850,330,True,3,1436,1166,270
abb20c51-1e92-437b-8f69-e4c4c7671749,12905,12862,43,True,1,1355,1278,77
abc2f805-0777-4b4b-b30d-87bc460c84aa,11733,12177,-444,False,2,1180,1406,-226
abc4d292-b96a-47b3-aff4-ad5ad1ee10a6,12654,13247,-593,False,1,1411,1388,23
abd9a100-93a9-4950-8981-8592665a57cc,13857,13484,373,True,3,1919,1396,523
abe84d34-d88d-4cf5-aa43-15bc2aa0d667,12945,12917,28,True,1,1249,1006,243
abed2cba-9c3b-4b87-8828-a90cbedf468c,13674,14498,-824,False,0,1404,1601,-197
abfc7ef0-96fc-492b-954b-ca7cd0d53a84,12595,13244,-649,False,0,1273,1411,-138
ac0a9882-71c8-478e-a54a-9b888fdbca84,12604,14927,-2323,False,4,1353,3015,-1662
ac13cf85-0604-4e9c-be01-de4ec6032572,12927,12910,17,True,7,1765,2097,-332
ac154f80-2ba4-4ffb-9d71-d14751c2d27a,12089,14470,-2381,False,1,1585,1366,219
ac1e4c0b-7617-4545-96d7-4219cc22f549,14095,12460,1635,True,3,2746,940,1806
ac1f5eb6-5565-4dd9-8072-5385a79c7442,13000,12422,578,True,8,1543,1339,204
ac203304-d5c9-402f-bcf3-7ec7acfd129d,12877,12786,91,True,2,1598,1472,126
ac208f8d-563c-4477-b122-24095f399890,12666,13861,-1195,False,0,1325,1646,-321
ac212bc9-b39c-49ff-8944-4fb2b17f20a6,12574,13480,-906,False,2,1446,1329,117
ac241a09-c0f4-4a4f-a937-569351e69e13,12517,13915,-1398,False,3,1508,1602,-94
ac265f31-d878-4729-8e41-48be1af8ac56,14801,13455,1346,True,4,2096,1486,610
ac2e114b-0536-4561-83ab-e330cf705c43,13390,12498,892,True,8,1371,1358,13
ac4527a4-8493-44e0-af02-c78521b1133c,13423,12561,862,True,8,1555,1124,431
ac4b2e69-abc3-42ad-95fd-9be084956762,12870,12163,707,True,8,1185,1519,-334
ac526296-c035-4240-b84d-1addbb89347a,13380,11082,2298,True,7,1058,1247,-189
ac52fbb8-a076-4388-a069-9e836fa03727,13788,12675,1113,True,8,931,1891,-960
ac5ab2bd-50b9-4e6a-8556-2dc88152786e,13751,13453,298,True,3,1447,1404,43
ac74440b-d267-4305-9ff0-536d147d655e,12433,13382,-949,False,1,1376,1156,220
ac7d2c00-a79f-4233-a622-58773a9302c5,14586,11903,2683,True,7,2035,1031,1004
ac7e571a-bf0c-4b74-af35-0e69f6c66061,12660,12791,-131,False,0,2321,1797,524
ac7eb5a0-60f2-40f4-92b8-3dd2de56fea8,13153,12738,415,True,5,1481,1077,404
ac802152-46a9-456a-88d5-05caf5ac6da6,12440,12082,358,True,6,1457,1308,149
ac8a7486-ba85-4e72-a047-e39cf8126681,12874,13409,-535,False,0,1454,1628,-174
ac8ca031-eba7-4d54-844b-b48a42410012,14902,12883,2019,True,8,1221,1081,140
aca19fde-c9a2-4abb-bd0e-58590b1f475c,12575,12186,389,True,6,1561,1296,265
aca2f8d8-2b1a-4455-b129-97d7fe0780e9,13492,13022,470,True,5,1574,1366,208
acac5371-b64b-4b58-9b8c-e73b6e371537,12912,12658,254,True,3,1427,1447,-20
acaf3d3d-e319-426d-ad4a-4b9ba40c0377,13530,12453,1077,True,8,1744,1354,390
acb6f62a-1e96-4bfe-8a49-45d6ea436c5a,12915,13424,-509,False,1,1406,1511,-105
acb87300-92bc-456f-afc2-cb64c9e04ee3,13610,13470,140,True,6,1575,1479,96
acbbf424-17a2-4b39-af96-f330b87224f3,13511,13463,48,True,4,1468,1267,201
acc263d1-d4eb-4635-b4e3-ebda783c7e49,14811,14163,648,True,7,1592,1486,106
acc31f30-579f-4d12-8a6f-fb59cd24eebb,12272,12041,231,True,8,1362,1249,113
acc5843b-3e3a-43f3-aa6d-990bb3288ceb,13220,13717,-497,False,1,1606,1547,59
accbdb39-1a7a-4079-8a02-5bd28bf162fe,12147,12358,-211,False,1,1059,1537,-478
ace8fe26-2bb8-486f-a1d0-de3ca2fcc3ca,12167,12537,-370,False,4,1587,1281,306
aced2a13-95a7-40d2-9b7a-f3f9605c4210,13507,11228,2279,True,8,1384,1324,60
acf1c6f8-e0d7-460b-961b-c7adb3fb4ba1,12268,12383,-115,False,6,1386,1325,61
acf51c85-d2bf-4d7a-a5d6-8874e84a9e46,12481,12519,-38,False,3,1030,1113,-83
acfcb5e6-5c25-47c5-8fa5-e38cfda61e03,13266,14252,-986,False,0,1106,1583,-477
acff4dcd-3065-477e-aa78-2cc072b2ec2b,13790,14227,-437,False,0,1627,1402,225
ad01cf78-acfa-4739-a24b-2b253c2ec795,13542,12238,1304,True,6,1901,1289,612
ad193ec9-d31a-4296-8c94-b2c8aa30cbe9,13414,14788,-1374,False,0,1713,1500,213
ad1a2ca1-56b0-4418-a46f-8859d2eb9750,13184,12356,828,True,5,1860,945,915
ad2a3336-c3a6-4fd2-8e45-b2c61a545f2c,13082,13057,25,True,2,1530,1257,273
ad2df045-478e-4255-ac78-2cf75e6513c7,11864,11741,123,True,9,1086,2165,-1079
ad2ee4b5-a668-48b5-a3dc-fee740d422eb,12649,14163,-1514,False,3,991,1978,-987
ad3b0005-8e47-4704-a4d4-577a0e452d35,14768,13380,1388,True,8,2750,2009,741
ad3bc0cc-84e4-40e8-8088-58ee0360a828,13013,14477,-1464,False,0,1719,2180,-461
ad3e4f95-8c13-4176-81a1-f311ee4f190e,14302,11987,2315,True,8,2569,1107,1462
ad47100a-2c86-4acf-a995-5b6b47fd0d7b,12349,13577,-1228,False,3,1257,1694,-437
ad47e509-f572-429e-9559-00f26b2ad923,13351,13981,-630,False,4,1452,2041,-589
ad491756-b0fe-43e4-b01d-b5fb81265380,12725,15102,-2377,False,0,1476,1415,61
ad5051d3-0b0d-4ed7-a442-5390afe7b40c,13378,13655,-277,False,4,1649,1645,4
ad58e293-d30d-431d-8535-7a4d97d458f0,11970,12209,-239,False,1,1082,1307,-225
ad5cf60a-8124-4c0f-829d-2d23c9c0b3f4,13506,12992,514,True,7,1619,1386,233
ad6c8bf6-5573-49e8-8364-f1e4efc1a1c7,12162,12491,-329,False,1,1206,1512,-306
ad747672-11d3-4c0a-992d-c40e24477a28,12949,12705,244,True,6,1653,1181,472
ad821fa0-d316-4616-bb2a-9c714fbb0c03,12316,12025,291,True,7,1397,1239,158
ad889834-6209-46fa-844d-8dab58bb7a1f,12906,13243,-337,False,1,1486,1636,-150
ad8d8bd2-0aec-4615-9518-194ac9f4dfbd,12406,12379,27,True,5,1555,1469,86
ad90b0d7-acc4-46fb-8423-aa06d8065a86,12604,14265,-1661,False,1,1271,2090,-819
ad92b81f-c995-45d4-b0c5-b17357af7722,12929,13319,-390,False,2,1386,1316,70
ad949d58-4c9f-4f6a-9a03-5e08de459888,14381,12393,1988,True,8,1345,1231,114
ada5b8be-0e13-4bfb-956a-5ca6bef7961c,12441,14534,-2093,False,0,1384,1729,-345
ada8ddf6-4fc7-4a0d-ae8c-21bc73bb84f0,11858,11502,356,True,5,1225,1297,-72
adae5977-42fd-4e93-9741-f17071382f07,15228,12655,2573,True,6,1540,1516,24
adb4cc57-3275-4334-806a-e967a5fe2686,13229,13791,-562,False,1,1657,1832,-175
adb89b35-fd6a-49e5-9308-0a8f2624efcd,13080,14094,-1014,False,0,1142,2106,-964
adbfa103-7fb0-499d-8a8c-511345608666,14240,13257,983,True,8,1104,1209,-105
adca33de-85f6-4ef9-a247-aa40c4de89a5,13249,14072,-823,False,6,1377,2386,-1009
adcb3c63-8967-4d3b-9262-a75b4f6571a4,13773,12429,1344,True,7,1720,1502,218
adcb7543-1ccb-4fb0-bf0d-97573944f31d,12048,12123,-75,False,3,1341,1560,-219
adccd892-4bc3-43be-ba0d-23ee2ec61c71,12680,13085,-405,False,5,1492,1448,44
adcef7d7-59cd-40ba-9ed5-e7d0ce244387,12691,12763,-72,False,5,1439,1515,-76
addf8bd8-54ae-40c8-bca3-05a8a4d2ff86,11575,12480,-905,False,3,1716,1535,181
addfb61a-979c-4c2f-b783-54fb1881ac81,13238,12765,473,True,7,1427,1510,-83
adf31c38-7d9f-4955-af6a-383204b073a8,12652,12666,-14,False,4,1458,1683,-225
adf40eec-06b6-4ea2-b4f1-1b71ec3ce9cc,12284,13087,-803,False,3,1290,1362,-72
adfd73d4-0909-461d-974f-3ee649a8a9d0,14019,13104,915,True,6,2438,1848,590
ae24971a-c097-4cb0-9b6d-73bc7f70c3e6,13640,13597,43,True,6,1546,1485,61
ae384d23-bb9c-435e-abde-e9f3626eaa6e,12925,13309,-384,False,2,1452,1585,-133
ae3b9bfa-68fa-458e-8442-1939315d5950,12465,13453,-988,False,2,1231,1661,-430
ae3c066e-a6c1-4429-8cf4-e03e8d5ee62e,13355,13918,-563,False,1,2049,1461,588
ae4c1497-922e-497a-b15c-675209fa9f97,12955,12324,631,True,9,1490,1208,282
ae5d2f47-fa5c-4a13-b5ff-d5953a551627,14449,12889,1560,True,9,1443,1439,4
ae654fa3-77ba-48ff-b8db-673ee74603f1,13417,12828,589,True,6,1239,1225,14
ae75f7b8-e875-4ff2-bba3-326ab1b0ace0,14938,12921,2017,True,5,1615,1300,315
ae76f9f9-9ba7-4c9f-8d60-ef7852d0a206,14938,13845,1093,True,7,2475,2703,-228
ae7fc975-71fe-433d-852c-07cb18f42d65,13452,13381,71,True,5,1416,1609,-193
ae80a8df-bedf-4dfb-bcb9-0aa0ea46c2c7,13755,13772,-17,False,7,1368,1751,-383
ae8e9751-68d4-4519-b165-a482bd38b454,14166,12815,1351,True,7,1952,1583,369
ae9c5313-1431-4c65-bfbf-450be8734e3d,13254,12908,346,True,2,1354,1457,-103
aeab476e-9e01-455e-8465-3cdc039d326f,12618,13846,-1228,False,0,1390,1698,-308
aebac5cf-3fa6-4db5-8321-0b0585175d9e,13817,13303,514,True,5,1402,1469,-67
aebd8454-9cdf-426e-83a1-6715d98154f7,13613,13314,299,True,7,1680,1228,452
aec3d3bc-70fe-493b-b103-2a0df6ba3d76,13980,12342,1638,True,8,1387,1427,-40
aed0f220-596a-4137-87f5-365ebda3e229,12788,12744,44,True,1,1676,1424,252
aeda34d1-90c0-4fd2-b806-fb30b253573f,13743,14009,-266,False,5,1250,2148,-898
aedd0eb0-5899-4a77-84c6-e8714d06c1a8,13254,13871,-617,False,1,1447,2047,-600
aee6bfea-34ac-4847-8a79-7fd55371b100,12898,12470,428,True,5,1676,1330,346
aef39f0b-b5a0-415c-8b50-eb222b982173,14346,12914,1432,True,8,1477,1545,-68
aef62111-2f59-4665-b6d0-225280134730,13211,12397,814,True,7,1088,1369,-281
aef70137-ff10-40ff-9db8-d71cba301eeb,12802,12558,244,True,7,1533,1532,1
aefdc4d7-00e4-43b7-94ed-b578cb6e4244,12305,13966,-1661,False,2,1536,2184,-648
af030f51-d182-4208-8c42-71085bb694c3,12103,13712,-1609,False,1,1370,1651,-281
af077628-db3d-4f97-a8b4-193352fef22b,13228,12507,721,True,6,1579,1295,284
af0d7854-23e3-42a4-90dd-35585f9c670c,13531,13248,283,True,3,1652,1231,421
af14d9f1-39c2-4acd-a44b-07c700eac49c,12112,13708,-1596,False,3,1069,1653,-584
af25b8c7-6d8c-4b3d-b949-da506e7b1c9a,11215,11367,-152,False,3,1262,1385,-123
af28d960-be95-40ca-81b3-3d77698c2806,13614,11476,2138,True,7,1778,1106,672
af29982d-defd-411e-9214-982d17d4c836,14307,13634,673,True,7,1636,1288,348
af2b982c-63e6-4088-960b-968838a49f15,14624,12929,1695,True,6,2365,1540,825
af2c168c-5058-4821-85fc-ed451376f1c1,13710,13245,465,True,2,1399,1554,-155
af3d2b90-b3c9-4f8e-96ca-7715e190554f,13214,13706,-492,False,1,1318,1680,-362
af41e8d5-bf9f-4048-892c-2edd47182c99,12717,12940,-223,False,5,1347,1523,-176
af490f73-4193-40e3-9d1b-6a349d4fe84d,11293,12222,-929,False,0,1071,1404,-333
af4dde54-3071-4d4c-9559-dc891df4267b,12992,12503,489,True,7,1100,1756,-656
af557ea0-4574-420d-9b14-848188857591,13388,14306,-918,False,3,1063,1759,-696
af66e8bd-8537-4761-b049-8e17206f2b1a,13582,11716,1866,True,9,1367,1490,-123
af7204b4-e7f3-4ff1-853b-919cb8443b77,13591,13741,-150,False,2,1379,1380,-1
af76d737-5e45-402e-b962-35eb54fd897b,13018,13921,-903,False,2,1580,1846,-266
af996f7f-0339-4c3f-bfd0-98d8626adc04,12334,12262,72,True,5,1107,1170,-63
afa8d571-699e-47ce-b1fc-d1f48aa9b83e,13941,12384,1557,True,6,2027,1089,938
afb85ed6-746c-4b56-843c-0287375f4b18,13088,12874,214,True,7,1687,1420,267
afba2c53-963c-4efb-ba49-0de44a215ae4,13574,13307,267,True,3,1555,1480,75
afbcb787-48d2-4534-b222-0610cd9ad366,13028,13396,-368,False,2,1356,1645,-289
afc18b7f-0361-43a8-886f-93a8c8ecf33b,13285,12962,323,True,6,1657,1573,84
afd96be0-0101-4588-b53d-ee498adec862,13237,12842,395,True,5,1363,1746,-383
afe07c90-54b3-4cae-aec4-e5f958b332d7,13450,13374,76,True,3,1582,1637,-55
afe47507-40ba-4291-9894-2429b6dc9684,13305,13257,48,True,6,1610,1647,-37
aff1f4c7-8473-4df9-8656-65ceb7cfa7ff,14276,12413,1863,True,7,1645,1478,167
aff53d7b-289c-4a0a-95df-b6f5123c8eda,14750,14448,302,True,6,1623,1898,-275
aff64094-0545-4b98-8a6c-f6bce0bb77ed,12876,12273,603,True,3,1300,1565,-265
aff75471-928e-476d-b20b-af7bbb272e3c,14661,12691,1970,True,9,1729,1510,219
affc26d5-637f-4bc1-895a-24261b021645,11877,12459,-582,False,2,1484,1399,85
b005d4f4-9c26-4afc-87b2-463a645497e8,13565,12476,1089,True,8,1614,1550,64
b0064989-01cd-42fc-a59d-b77b016e2db6,12207,11230,977,True,2,1861,884,977
b007a7f4-0525-4d1b-b7cb-b7788d7f25fa,12758,13500,-742,False,2,1577,1397,180
b0097565-b3fd-4195-b912-8f5d76a23bf0,13645,12780,865,True,7,1258,1376,-118
b009ab73-dc1a-4999-b9ac-7acbe081257a,13932,12260,1672,True,6,1604,1118,486
b009c62e-3d95-418f-b45a-0e3f517f3160,15284,13211,2073,True,4,1910,1251,659
b010ef01-b43f-4dd8-a572-411d93b2bde9,12515,12644,-129,False,2,1526,1598,-72
b014e28b-85ed-47eb-936a-8620cc9e7a60,14807,14740,67,True,6,2189,1736,453
b023bd20-d551-4fe3-8cd4-bcdc8883f209,13318,12673,645,True,6,1656,1169,487
b024b75b-f11d-421e-9468-c98651932fea,15362,12595,2767,True,8,3669,1546,2123
b0257677-abc1-4fcf-818b-ae1d92e4b24d,12677,12600,77,True,3,1467,1308,159
b03579c2-d8aa-4194-ad22-33dbe5ce30b8,14176,13369,807,True,5,1836,1318,518
b038dffa-7500-4f0f-89ab-4b8df6c8ff33,13012,13171,-159,False,2,1442,1396,46
b0395c0c-167b-4636-8bda-e90e222c0e84,13648,14926,-1278,False,0,1872,1646,226
b03e7b5f-0b98-4fb7-a3e0-d17e17b1ed4a,14766,13019,1747,True,9,1710,1080,630
b052074d-4a3f-4ba7-9f16-d2f6894a9cf8,15757,11619,4138,True,7,1389,1227,162
b05cef9b-2b3b-41ea-9aef-6ae3da389761,13477,13401,76,True,6,1351,1564,-213
b0653625-6608-4290-8542-af0e8ac4212f,13335,13896,-561,False,3,2104,1525,579
b072f9b0-428c-4178-811e-b7e357102a61,13464,12131,1333,True,8,1290,1375,-85
b0745e72-696b-49ad-95c2-755d42acc04c,13377,12850,527,True,8,1398,1441,-43
b07f82dc-801a-47ce-8122-53c7e9e6ff6d,13206,14041,-835,False,2,1472,1420,52
b08deb69-c1f1-4509-864b-8e32322b3927,13743,13235,508,True,3,2117,1204,913
b0a55038-5efe-426d-8a3d-934b74a5bbc9,12706,12162,544,True,5,2236,1394,842
b0c71832-a74d-455c-aabf-bb301d1e5282,14537,13727,810,True,7,2877,2367,510
b0d7495b-767c-48a1-a2fa-fba4348547e6,13634,13517,117,True,7,1685,2069,-384
b0d8bf01-f624-45c3-9828-23cc16ca27f3,13188,13663,-475,False,1,1514,1350,164
b0de5185-a81f-444f-958c-63fbcab442e7,13995,12308,1687,True,6,1655,1421,234
b0ece777-4272-4c0d-bb6d-4746eb15bfde,14056,12778,1278,True,7,1276,1547,-271
b0f0bf92-b3c0-4c88-8813-a7eb4aa54834,12230,12827,-597,False,0,1468,1453,15
b110806a-2cae-4889-b9fc-31e8157de482,13774,14741,-967,False,2,2244,1739,505
b1219c50-0e33-404c-b59a-70763d6914ee,11388,11839,-451,False,1,1302,1616,-314
b12d8b21-584b-4ec7-a397-93d9c5301057,13020,11975,1045,True,8,2059,1620,439
b14b89ab-344f-4f79-8c41-b071c90e71a1,10357,15100,-4743,False,0,1114,3050,-1936
b14d0500-6098-4a3e-931f-3a6ed2452946,12048,12048,0,True,3,1501,1294,207
b16105c7-5e5a-41a1-9133-8b191159732d,13028,12092,936,True,7,1410,1634,-224
b162ee26-91b3-4a83-95aa-79b51a3ca7e6,14085,13020,1065,True,5,1784,1589,195
b1649435-11c8-418b-8558-2150cc3c051c,12362,13022,-660,False,1,1362,1931,-569
b1779d72-cb43-4787-90bd-1f8bd1139481,12779,12951,-172,False,0,1252,1416,-164
b17a205f-e58a-4348-a7d1-400f4b319b77,12560,13283,-723,False,2,1205,1741,-536
b18a613e-09fa-4579-9710-347cffedf837,14497,12635,1862,True,6,1493,1163,330
b18cbe74-7d6f-41b6-8955-d234db153184,13659,13913,-254,False,5,1576,1330,246
b1a5a8fe-ec03-4d72-adf5-e86dfa15946b,11872,11849,23,True,4,1409,1522,-113
b1a7c27c-c6ea-4685-9064-e13b8dba6dc7,13065,13265,-200,False,5,1386,1651,-265
b1aa2006-bd86-43d2-9a69-be390ea391e4,12129,13729,-1600,False,0,1354,1715,-361
b1abd2ec-f9a7-4f30-9b6b-e375ea1362db,14989,14310,679,True,8,2189,1446,743
b1bc1fa3-af0c-4d33-a50c-e5e1ccb12996,13320,13186,134,True,6,1657,1377,280
b1bdb1c6-a0a6-42bf-95ca-afde121fc40b,13791,12765,1026,True,6,1538,1423,115
b1c78bfe-eec4-4d05-8565-1fd89b94616f,13170,13069,101,True,5,1483,1119,364
b1c7e072-dcb1-4298-aa27-f7da44b74ccd,12680,13410,-730,False,2,1396,1473,-77
b1cc6cc8-a330-42b7-b27a-0996e4f8fa0b,12368,12949,-581,False,2,1495,1357,138
b1d0a192-c696-4965-8e28-3cd6075f644e,12888,11882,1006,True,8,1621,1335,286
b1dfc340-bef0-423e-9968-c96080d5e6e7,13615,13099,516,True,6,1187,1625,-438
b1e21bc0-7245-4927-bb2f-a8a9cf89a1fe,13359,13123,236,True,6,1546,1764,-218
b1e7068d-04a8-454b-99aa-13585941063e,13431,13630,-199,False,4,1840,1461,379
b1e98c9c-577f-4812-bedc-7d3edd869a67,12953,13210,-257,False,0,2069,1548,521
b1eac18e-e3f8-4f0c-a853-93727161d9f8,11925,11939,-14,False,8,1233,1300,-67
b1fdda8b-7eb9-46c2-b01b-bc6d7d1163ed,12300,14291,-1991,False,2,1396,1324,72
b1feafaa-b5f1-48c8-9b18-51339b7f8155,15556,13908,1648,True,6,1217,1460,-243
b2019724-f02f-4d7b-b670-dec0a3108bdd,13435,13056,379,True,4,2017,1468,549
b20b950b-61a0-4ff7-ab78-f832d3ca3c7e,14254,13569,685,True,7,1825,1334,491
b216e74f-04fc-4a57-859c-dbd6e8c1bd1a,13416,13442,-26,False,2,1437,1645,-208
b221bf72-e4aa-41b2-9d48-faa608ca8a9f,12114,11582,532,True,6,1416,1258,158
b2333e58-9fdf-41c9-8272-38c3fb9d9498,14365,14382,-17,False,5,1496,1425,71
b2340ee0-5ef3-4c23-93d4-f3b082af29e2,12156,12620,-464,False,1,1398,1096,302
b234b0ef-1747-43e0-9090-bbdad1e41e96,12122,14779,-2657,False,3,1150,2695,-1545
b23b5e32-482e-4cd7-a762-5e72a374d009,13102,13069,33,True,2,1579,1479,100
b260b36c-4e41-4dbd-93aa-afcd958deb65,11306,13153,-1847,False,0,1360,1545,-185
b268e6ec-5945-47e0-ace0-0acbfd9f0e8a,10642,11363,-721,False,1,1141,1471,-330
b27c73d0-d25e-4027-9468-08ebf87f2b4e,11869,11706,163,True,3,1601,1341,260
b27d8efa-03a5-4295-9229-21eb6e2aee6d,13527,13934,-407,False,7,1512,2259,-747
b2867fa7-39aa-44ca-a547-203f55b657e5,12799,13166,-367,False,0,1590,1228,362
b286e575-4984-43f4-a5b1-df87d7c07245,11911,11369,542,True,5,1515,1536,-21
b2902086-1256-4326-a6ec-b6df76e452f5,13452,13160,292,True,7,1238,1606,-368
b29688dc-379e-4109-8faa-0b6f23346025,12831,12098,733,True,3,2060,1646,414
b29df9d3-48f0-47e6-bb16-8f143ea1df6c,12674,13240,-566,False,4,1391,1329,62
b2ba3239-e160-468e-911d-c49fa036d7e5,12777,13656,-879,False,0,1486,1318,168
b2c65628-604f-4b47-bc79-4c5744cee5c7,13655,12549,1106,True,9,1479,1493,-14
b2d56410-017c-4507-9c87-1b5cf1603921,12912,14378,-1466,False,2,1168,2101,-933
b2db455a-8e65-4ac9-85f7-cfbeae421043,12432,13865,-1433,False,2,1870,1704,166
b2e12016-7113-4ac3-aedb-aa5337deeb6e,13113,10783,2330,True,7,1529,1119,410
b2e5f31c-fb27-4d31-916a-c38520c8df9d,12753,13404,-651,False,2,1439,1818,-379
b2f0d084-465a-4f1f-8051-2057d8023b71,13242,12520,722,True,6,1349,1433,-84
b3180cb6-b4a0-48c6-b9cb-f425c5fcbbcd,12421,14175,-1754,False,1,1403,1629,-226
b32e6806-c2d0-4f38-9365-315499d4273f,11169,12081,-912,False,1,1266,1453,-187
b33736e4-cbde-4c8e-80dd-7cf2a9b4f6e8,14102,12799,1303,True,6,1143,1317,-174
b33f040b-db44-4405-8708-52349592fe47,13383,13784,-401,False,0,1542,1454,88
b344b6cf-6c6b-4deb-bc94-f111226fbdca,11968,13179,-1211,False,2,1292,1520,-228
b34cefb4-23b2-4d3e-aabf-8b849551ab2a,11930,12291,-361,False,1,1270,1420,-150
b35b04ff-0e14-4e1c-9572-dc3bd67c550c,13481,13010,471,True,6,1498,1423,75
b35e4ccc-4cf3-4128-8daf-a07c4215f61e,13171,11974,1197,True,6,1769,1516,253
b362f984-c4ed-4335-b756-0b27dd756bd5,13455,12894,561,True,8,1401,1316,85
b363726e-85a7-41b4-bb30-2e898e4e9e83,13368,13591,-223,False,0,1843,1240,603
b36bb21c-1ad8-40ba-be84-8595afb76307,13545,12517,1028,True,7,1599,1523,76
b36d1439-5a94-49aa-ac63-98807fc10527,13777,12804,973,True,6,1617,1381,236
b371103b-3331-4c4d-8017-6de2f2574788,12788,12580,208,True,7,1472,1336,136
b3749fba-1a8f-478e-9cc6-1bd85e9ec7cd,14384,13023,1361,True,7,1769,1156,613
b3809d5c-8725-4874-9d7d-fede501bf879,12379,12464,-85,False,1,1514,1241,273
b38c2148-219f-488f-893e-59bce2a041e4,11523,11891,-368,False,4,1206,1476,-270
b391227b-38c9-4423-9309-c86ff5e777d6,14424,13087,1337,True,8,1423,1459,-36
b3918391-c956-4ff0-9be2-6e85bb414853,14302,13862,440,True,7,1638,1575,63
b39fbb06-e917-4c3d-809f-322357c26ed2,15070,12159,2911,True,8,1302,1426,-124
b3a0aa20-22c0-446d-9856-ee99c615a5d4,12920,13239,-319,False,2,1423,1545,-122
b3a1f9c3-6cfb-405d-863b-1003542ad649,13215,15193,-1978,False,0,1505,1552,-47
b3b4a03e-7d7a-4c49-ba39-4586bbae617d,12638,13978,-1340,False,1,1628,1474,154
b3b4ecf7-80d6-45d2-85bf-33eca65029a5,12862,13338,-476,False,4,1534,1484,50
b3b5d8be-fa28-4ca8-8824-a9204acceec4,13161,13258,-97,False,2,1651,1297,354
b3c38193-8adc-4309-a30e-6a604a428327,13910,14314,-404,False,5,2110,2461,-351
b3d13b96-6dff-4364-9a3b-eee6fad4784e,14131,12548,1583,True,7,1895,1485,410
b3ec8023-b316-4a2e-b886-b4ee266e19ff,12257,12592,-335,False,0,1484,1544,-60
b3fd1db1-a34f-455c-b38d-58775fd1c814,12812,12720,92,True,6,1339,1704,-365
b40c694a-5d62-46d3-b06b-64c0527341b8,13668,12446,1222,True,8,1847,1214,633
b422f9a2-62c7-4a94-99cc-9abc3a30afe1,14011,12710,1301,True,3,1779,1197,582
b42753f0-1fe1-485d-adbf-51fb19ecea71,11604,13122,-1518,False,2,1654,1749,-95
b4401f94-4ae4-4452-a63a-6d3471d51038,12806,13393,-587,False,2,2124,1536,588
b44a2aff-f9a0-4484-aa9e-af4e475edc17,14005,12497,1508,True,4,1596,1472,124
b44b77d0-ce04-4913-b98d-aafff6adfbe0,13248,12611,637,True,9,1096,1404,-308
b44ba1ff-a612-42fe-beae-2395466407b5,11609,11653,-44,False,7,1321,1737,-416
b45ada53-3ba8-43ae-a40e-573ca7765765,14037,12854,1183,True,7,1629,1413,216
b45c62a1-4d64-40ac-9c2d-0f9194163894,12889,13161,-272,False,3,1348,1633,-285
b462f2f9-6c9e-4a96-a1d3-b0c1fa94496a,12329,14273,-1944,False,1,1195,2005,-810
b464a67d-5347-44d4-836a-7483f01a1142,14931,12511,2420,True,8,2570,1504,1066
b46f9fef-1c90-452a-bd79-776be192d579,11253,13736,-2483,False,0,1215,1319,-104
b477b060-e0e1-4f3b-945e-50bd2a3d7f6b,13677,13352,325,True,9,1624,1696,-72
b47fe091-2b02-418e-ab64-2e0eeff45aa5,11405,12835,-1430,False,0,1370,1270,100
b4855ab9-93cd-4ec8-b1a2-89a9c8ea000f,13136,13013,123,True,2,1846,1304,542
b4a35573-425b-48a7-852d-91c2dff5f179,12638,13947,-1309,False,2,953,1685,-732
b4a563f9-b979-457b-a822-84539bdf94fa,13490,13831,-341,False,5,1696,2388,-692
b4adcf66-16f2-42c6-ae57-ff1ae711f1fd,13866,13182,684,True,2,2280,1010,1270
b4aea709-e38a-4bad-b6a7-de3666ef274c,13742,13579,163,True,5,1320,1422,-102
b4b2ce96-be86-42d1-86d3-75b9b390e598,13605,13358,247,True,2,1656,1457,199
b4b70fbb-1241-42af-9b03-341705762428,13265,14022,-757,False,0,1563,1858,-295
b4b7380e-61ab-4d5d-a0d0-9944141c838e,11667,11547,120,True,7,1323,1226,97
b4d3e063-7d56-47b5-9c70-75dc6c277d60,12799,13368,-569,False,5,1606,2024,-418
b4e99412-0008-4ba2-8723-88d6c1446bbb,13843,12936,907,True,5,1468,1508,-40
b4ebd6ae-3846-4146-ba4d-87b1f1dad14b,12660,12695,-35,False,4,1306,1344,-38
b4f043c0-9f10-459a-8fb4-3109ebe03730,13336,13275,61,True,5,1268,1440,-172
b502f1dd-1df7-4e86-9978-3203de8412d5,13805,13243,562,True,5,2301,1596,705
b505cd4c-841b-4d25-a160-a56404674065,13260,13290,-30,False,0,1519,1432,87
b512bf4b-d879-44b8-8574-da3d8b963297,12773,12844,-71,False,8,1111,1755,-644
b51b676b-afcd-4e4f-b67e-6921ce052e04,13304,14343,-1039,False,6,1741,1536,205
b51d1573-d11e-4244-829f-ec89276287c0,13606,13426,180,True,7,1654,1466,188
b52625aa-b771-4377-afbf-d72c8ef8e856,13458,14031,-573,False,4,1451,1484,-33
b52e3a32-1308-4a31-a7ab-f57861794755,12613,13219,-606,False,0,1464,1406,58
b5340651-34ea-426c-abc2-f96148c0052f,12848,13580,-732,False,0,1787,1802,-15
b53b30a6-508f-4893-9a4d-1ba5455538a7,13865,12969,896,True,6,1445,1144,301
b542e897-efc0-422f-99c3-cc1bf7b8459c,14047,14270,-223,False,4,1364,1737,-373
b54898a6-79f8-412c-b205-a60f115597e0,14120,13385,735,True,6,1859,1753,106
b54d8d7e-0eaa-473e-9e3e-d440ac846de4,11487,12221,-734,False,5,1336,1360,-24
b54e2239-1064-4535-a8a8-33dd5caacbbf,13481,14530,-1049,False,0,2584,1501,1083
b551e54f-8033-44fc-a8b1-940484336023,12467,13799,-1332,False,4,1307,2500,-1193
b555bbf3-9942-426f-97d3-8447a8447c94,13154,12995,159,True,7,1416,1493,-77
b563dc2a-be36-4830-8c28-7de4b0d5e054,13563,13445,118,True,7,1730,1680,50
b5671db1-aed6-480a-a15e-6b6b4a0de7c0,12975,13128,-153,False,0,2262,2053,209
b5717ea9-caf3-4107-8ba4-d9daed66b9e2,11928,12501,-573,False,1,1526,1490,36
b571bff3-71db-49f7-88a2-67bb468d24ae,13176,12924,252,True,7,1500,1511,-11
b57587fb-2a74-4152-af68-b3515a4dc05e,13960,12987,973,True,7,1799,1306,493
b577117c-edda-4cc5-9089-388d36a9a4bf,12450,12227,223,True,7,1363,1244,119
b577735f-1988-4e95-b8c3-7a24a95f1996,14920,12925,1995,True,8,2231,1223,1008
b57d1555-f0dc-48e7-ba05-8dbcf3592e7b,13043,12916,127,True,7,1298,1833,-535
b590096c-b62c-4a38-9e76-bbfbded6a7e3,14292,13415,877,True,7,1494,1643,-149
b599a2cf-b09d-43d1-a192-9d29c71d7882,12860,12916,-56,False,8,1597,1670,-73
b59ac185-3a3d-403b-bf81-897fbe1a49cf,11820,12689,-869,False,1,1351,1478,-127
b59da6b7-7f3d-4501-93b1-d8973a87db7a,12948,12853,95,True,1,1979,1173,806
b5a6df84-8a11-4ebe-bb6f-a53536927269,13143,12068,1075,True,7,1339,1469,-130
b5b30fe0-60d5-4e89-b6c9-efc99d043e4a,15208,13034,2174,True,6,3293,1562,1731
b5b606ed-3d24-4c01-a4b7-26e1b28da97e,12705,13203,-498,False,2,1439,1631,-192
b5c16975-fa7b-467b-9d3b-0d95409493dd,14088,13337,751,True,7,1673,1544,129
b5c1b595-9b66-411e-a26b-a0479ba7f3de,13250,13175,75,True,6,1590,1307,283
b5c52362-abba-4713-bfae-004e88ad45e1,13183,13686,-503,False,4,1281,1476,-195
b5c5737c-ad2f-4ece-85cb-174d02077ea0,14935,12993,1942,True,7,1641,1237,404
b5d0b41c-a5a8-4a1e-b351-bebaf917a200,13949,12067,1882,True,8,1598,1251,347
b5d56ed3-84ea-4a73-b6e4-77028b593d96,13753,13718,35,True,7,1844,1484,360
b5d63887-480b-4253-a946-3b162c4b74db,12830,13357,-527,False,1,1583,1420,163
b5e37e33-e92a-40da-9d38-2a2ca4b7378a,13007,11901,1106,True,7,1358,1414,-56
b600f9bc-6927-4b28-97d8-483cee6a4bc6,13962,12720,1242,True,8,1693,1687,6
b60434bf-7e88-42d8-a15e-53ec67f28913,14147,13279,868,True,8,1930,1591,339
b6135cdc-08af-4aa8-88ff-0f69bd886a5d,12194,12394,-200,False,2,1305,1251,54
b619443c-c304-46cf-af13-53e7a8f53b3a,14224,13340,884,True,7,1507,1677,-170
b629b88a-aeae-4edc-8430-eb2029eac784,13486,13363,123,True,8,1306,1506,-200
b62dd86e-e218-4918-9121-29fbab09917c,13235,13590,-355,False,2,1571,1603,-32
b633fb2e-ce26-4cba-9d9b-e9fa0afd8c91,13481,13070,411,True,4,1617,1377,240
b64b6327-6748-4a27-9984-b61250b44c33,11036,12770,-1734,False,0,1328,1776,-448
b6560345-4de8-4ddf-bbaa-390a964b1575,13628,14235,-607,False,4,1433,1843,-410
b65ce3ba-42bd-4acf-a7ed-64f6ff02eac9,13803,13594,209,True,6,1433,1271,162
b663b28b-7567-4601-bab5-e3442dee33f9,13027,12269,758,True,7,1464,1253,211
b6649815-afc9-4033-9709-f73ada4fce34,12321,12672,-351,False,2,1268,1498,-230
b66cdbf8-2ace-4a3c-ba52-50b96d48e6b9,12852,15180,-2328,False,1,1721,2301,-580
b673bd34-e39c-45c9-bb8c-c3c4e9248b6a,13338,13548,-210,False,4,1823,1589,234
b67460b5-92de-477e-a679-7d59559f06f9,13997,13576,421,True,8,1731,1406,325
b676ef10-26e2-469a-a359-154430515baf,14827,15382,-555,False,8,2279,2847,-568
b678d6c7-e21a-4205-b43c-fabc6dfd2ec5,14739,12716,2023,True,7,2713,1212,1501
b67ead7e-9ca3-4c84-9a51-cc38633af856,15197,11984,3213,True,7,1605,1005,600
b687f923-eab7-44fb-bd3b-1cd8803704f3,15875,12911,2964,True,7,892,1800,-908
b68c513c-eb33-4b04-9218-28ee4e8d16d2,12813,12946,-133,False,1,1637,1422,215
b69890b9-b0db-4fc8-af19-c2bce7103dd2,13764,13111,653,True,5,1515,1518,-3
b698e6c6-08c6-43b7-b6d1-c337c6680aca,12740,12561,179,True,1,1857,1432,425
b6ad552f-425f-462a-a8ce-8dffc0b56662,12665,12660,5,True,3,1309,1684,-375
b6b8788d-5a68-4fc9-97db-0948d2c695d1,12371,13580,-1209,False,2,1365,1955,-590
b6c277c4-ce11-4d79-a068-08139cfe3771,13209,13474,-265,False,1,1520,1350,170
b6c8c3f5-7a8f-4758-ad9a-50775ea07bb2,13185,12996,189,True,3,1430,1827,-397
b6c93ac8-498b-40e5-80ce-b891402ae395,12617,13024,-407,False,0,1277,1480,-203
b6cec904-4971-4354-91ba-bbafab77afe9,13353,14408,-1055,False,0,1530,1283,247
b6d331df-d830-467d-9a5e-738baea68a07,12370,11851,519,True,7,2149,1982,167
b6e2b9d6-97db-4b05-aacb-f7d99ecaa4c1,13629,13023,606,True,6,1948,1091,857
b6e7e76a-60e0-4494-87c6-36a036f19353,13062,13655,-593,False,2,1434,1851,-417
b6f1a5be-85e0-46af-a7ed-46feef8e1b0a,12193,16365,-4172,False,0,1272,1975,-703
b6f8cff8-227d-40de-8cce-b6ac033340d8,15202,12800,2402,True,7,2367,1504,863
b6fba163-d0e9-4bf5-9b11-8a955e483cb0,11523,11550,-27,False,0,1646,1265,381
b701ed89-22de-42b5-9120-68773d3a1262,12675,12977,-302,False,1,1705,1259,446
b708c9dd-c753-47ca-9f92-4cc30a9ac454,13758,12627,1131,True,9,1193,1547,-354
b7121ecf-3d42-4463-b971-37df6db6a456,13630,13707,-77,False,3,1970,1349,621
b7197951-1acb-433d-a541-b47499918e43,11859,12908,-1049,False,1,1391,1946,-555
b71f32b4-9d4c-48fd-aa93-0ced587f978e,14826,13506,1320,True,7,1714,1464,250
b7202ed8-da86-4d24-9e13-552f95260876,11939,12561,-622,False,1,1311,1403,-92
b723a815-4e73-4e61-8c83-3752a70ba6b7,12456,13792,-1336,False,1,1291,1582,-291
b74adbea-4c4a-4926-8d02-db0c3f6846c1,13365,13671,-306,False,2,2161,1270,891
b75602d7-72c4-4b22-8b8f-c1a11ff7b913,13330,15047,-1717,False,2,1222,1869,-647
b769af64-aa69-4da7-8d5c-6d1072897708,14431,13085,1346,True,3,2077,1415,662
b76fa079-7fb2-42e8-9cc2-02a8fad791f9,14201,11624,2577,True,7,1583,1139,444
b7811a0a-bbee-44c0-b9cc-19b02efe04ea,12947,12486,461,True,7,1232,1446,-214
b78aefd2-da4e-4128-84cb-88912fca71d2,12917,12677,240,True,8,1445,1390,55
b792bb4a-b77c-4104-8cdb-4cac2709f434,13279,13822,-543,False,1,1547,1398,149
b79941e1-d098-4af3-94d6-11fbe4c26dbb,12400,13818,-1418,False,3,1369,1276,93
b7a2b32f-d46c-4edf-b72f-72ddc81b9ac9,12242,13779,-1537,False,0,1130,1511,-381
b7a7c700-9357-4dd8-8301-655f43585ee8,12149,11983,166,True,4,1286,964,322
b7ac28ed-ef89-4369-badc-e38fe0e17409,12531,12372,159,True,6,1417,1459,-42
b7c730ca-883e-47ce-aeaf-80e6eac3cfca,12225,13494,-1269,False,0,1227,1515,-288
b7dbbe2e-c823-45dd-8051-0bcca2dc204d,14041,12584,1457,True,6,1424,1480,-56
b7e3cb57-9b90-4dc8-adf2-25fa765a68ae,15014,13836,1178,True,7,1371,1608,-237
b7e9340f-e730-42b5-b90b-db2a7aa13c97,12541,13585,-1044,False,1,1517,1719,-202
b7ec0827-0f72-455d-8a87-d1cbe472d151,13323,13680,-357,False,1,1397,1647,-250
b7ed6f8d-4003-4691-83ad-1b9a0a2a19ea,12666,12689,-23,False,6,1444,1397,47
b804c485-0186-4783-b7a5-cc4d21e295ed,11967,12870,-903,False,6,1240,1530,-290
b8088a99-9a21-4284-b2d4-a63a49dbc300,14793,12838,1955,True,8,1221,1695,-474
b80a489e-f064-4d95-909c-48d61b31be65,13391,13636,-245,False,4,1283,1706,-423
b818d156-ab63-468c-a479-458319c312e3,13332,13731,-399,False,1,1808,2020,-212
b81b79ab-375f-4e6b-8bc3-47094911d25a,13836,14521,-685,False,7,1271,2392,-1121
b81fe498-e590-4d8d-aef9-babe70d8bcd5,13149,14127,-978,False,2,1424,1251,173
b825a64c-efdf-4aa5-94fc-de387fb6acbd,12393,13198,-805,False,1,999,1516,-517
b829df5b-8a7c-41ba-8f2d-7e7e33450a1f,14277,12361,1916,True,6,1759,1064,695
b84ee72a-26a2-403f-b785-0bfe4a74dd43,12479,11891,588,True,3,1460,1556,-96
b851068c-2e5c-4ae7-b0f4-a16e3e7ab383,13202,12292,910,True,6,1267,1251,16
b86318b1-9869-4a28-a06f-39c80408dc93,14136,13271,865,True,7,1273,1512,-239
b875b5d3-8b05-4318-817a-5504bed832f7,13534,13783,-249,False,0,1306,1437,-131
b87b74a2-643b-4501-9910-e18bd4e27bcd,12681,14875,-2194,False,0,1593,1705,-112
b87c04dc-0319-406a-a443-80a900f75ccf,13424,13615,-191,False,1,1312,1007,305
b891ac10-ddfb-40c8-b425-e5b6b844fd3e,13119,12673,446,True,7,1368,1440,-72
b89a59d1-55f1-4fbc-88a9-9cde85b45999,13753,12535,1218,True,7,1363,1737,-374
b89a6867-eeea-4c98-ada9-47235f77c8b4,13026,12913,113,True,7,1313,1410,-97
b8b18556-aa67-4b86-b86f-34d489c2fbaa,11477,12553,-1076,False,0,1230,2282,-1052
b8b3cd00-f7a8-4f68-9d5a-aa4adf4386ab,13015,13905,-890,False,2,2308,1502,806
b8b93dd5-cf12-4d42-a94d-76799f2fe992,13171,13879,-708,False,1,1353,1950,-597
b8bcd61b-8518-462a-ab8a-cc9a73442483,12724,13237,-513,False,0,1289,1568,-279
b8c975a2-2b27-481d-910a-8e220fc0d1c0,12453,12768,-315,False,1,1322,870,452
b8ce9690-5048-4b23-9e30-8b57156c079b,13829,12767,1062,True,6,2263,1460,803
b8d41a41-e8a2-4b65-a4a6-67848164afc2,13225,13593,-368,False,2,1387,1247,140
b8d5193e-2f43-4121-a052-d2f399699e21,14384,13602,782,True,3,1914,1299,615
b8f16e97-e063-4755-8ad6-17f83fc83e19,12952,12184,768,True,5,1436,1254,182
b8f9a39b-7d72-4d86-9b92-42afb26de83c,13406,13714,-308,False,6,1703,1598,105
b8ffa36e-59bc-4951-b6d7-ad1982def6af,12817,14926,-2109,False,0,1503,2121,-618
b9022e18-bcb3-4637-8ab2-5c62ca89bacb,12662,11616,1046,True,7,1293,1462,-169
b90739d4-1396-4d1f-9dc9-5b8ffd174921,13483,12912,571,True,6,1557,1453,104
b90fca5f-ce6b-4a34-b1b5-2db1992f0a12,13377,12541,836,True,6,1668,1318,350
b919d9a1-e0d2-4f3b-b6c8-1e1d0b4981d9,13424,12429,995,True,5,1254,1345,-91
b91db949-a5e1-4d38-ab0c-5826c53626a1,13883,13109,774,True,6,1339,1429,-90
b929d638-f047-4dce-b51f-1862da816ac6,11463,12421,-958,False,0,1037,1495,-458
b92f8611-15dc-4417-8d40-34e66c493b98,12282,14227,-1945,False,1,1160,2162,-1002
b9303231-f90d-479f-8099-5d9360bed89e,12831,12773,58,True,5,1455,1505,-50
b9352478-441a-4bd9-b671-bbfb8ebfdfba,14244,13682,562,True,6,1650,1192,458
b9429a09-b320-4882-aec4-fb25ab3c0ed8,15118,13253,1865,True,8,2093,2169,-76
b944d62a-ca4e-4ff6-a2f5-a84fc1ff0b94,12277,13230,-953,False,7,1089,2139,-1050
b94abd92-0e98-4048-9a6f-ed4f4d7d9111,13327,13995,-668,False,1,1601,1746,-145
b94c971e-91a9-4889-903f-fe0b30bc6e8a,14321,12707,1614,True,6,1916,1174,742
b94e7a27-8f0a-493c-8b23-4de7270af96f,13273,12554,719,True,7,1267,1232,35
b95045fd-314b-4864-ad52-30a214d8cfb7,12915,13507,-592,False,2,1227,1254,-27
b95d853f-5453-42a3-8df6-3a044d8ab6b3,13126,13393,-267,False,3,1662,1586,76
b96b5f51-dba0-440d-bfc3-9628337e0611,12736,12574,162,True,5,1320,1364,-44
b96bb518-031f-4659-9c89-da06d5865398,12564,13546,-982,False,0,1393,1666,-273
b96d0621-59a0-4f2f-9bb1-5aecf1c18eb4,14518,13938,580,True,7,2150,2270,-120
b96f782c-da04-4641-9306-68968036bfd9,13015,12153,862,True,7,1540,1339,201
b975072f-5327-4b4d-b3ed-ca4ea0cdab97,12912,11479,1433,True,9,1276,1321,-45
b97b044d-6ebf-4f86-be42-142e364e7a12,12351,12469,-118,False,8,1459,1488,-29
b98cab74-f4f8-4fa4-a902-c6d6686a616b,12062,12582,-520,False,5,1361,1748,-387
b99b86eb-0548-40f7-948b-0fb68b4e3349,13217,13906,-689,False,2,1388,1491,-103
b9a31ebe-e2b0-452d-927d-ec142b9d816f,13061,13168,-107,False,3,1330,1501,-171
b9a5f5e8-d048-4a8d-a893-5cb08765c49d,13411,13856,-445,False,2,1545,1609,-64
b9aab9a7-5369-4495-9dfc-d30b4cd82432,13464,13275,189,True,3,1703,1459,244
b9c392a2-657d-4c96-b32c-4454fffc418c,13625,12069,1556,True,8,1499,1175,324
b9cca7b3-738b-49c8-91c2-c02b05178ea6,14258,14386,-128,False,6,1362,1863,-501
b9d3b4b3-c7fa-4b4b-b1d8-1a8fb667f982,12414,13098,-684,False,1,1292,1230,62
b9da6e64-8a68-444f-982a-235dc77ac57d,12904,13504,-600,False,3,1172,1484,-312
b9fbb9b0-d307-4732-9ca5-38057202db48,14328,13721,607,True,6,1298,1640,-342
b9fbd5cd-ba75-4d89-8282-b37944fc5eaa,13239,12408,831,True,8,1454,1315,139
ba06c4fb-ffb8-4b37-9c06-dea93c17fd7e,13458,13549,-91,False,1,1419,1411,8
ba2e2bb7-db78-495d-ab4b-2074d1760e1b,12766,12810,-44,False,4,1244,1336,-92
ba2e44fc-0146-4463-8f84-9e9c0762c2cc,11657,12020,-363,False,4,1291,1595,-304
ba3d5166-b9ae-4202-8a36-a3c0e6c20355,12626,12831,-205,False,6,1539,1363,176
ba471a72-0a0d-4f95-9264-f97aa4adb8d1,12579,13643,-1064,False,2,1395,1621,-226
ba5371fd-c535-4f12-bbd0-6bdcd7b8d263,13009,14160,-1151,False,5,1444,1501,-57
ba591d90-bb96-45ed-96e2-b12a2dabd73e,12578,13101,-523,False,0,1326,1331,-5
ba6ce302-6313-47d9-aed0-f1d75d78bb18,13159,13723,-564,False,4,1173,1318,-145
ba7ba7aa-21e5-4b0a-8c7b-75c1a9b1bc89,12595,14029,-1434,False,1,1390,1417,-27
ba868c0f-a82c-425d-b1d9-d346b2b73333,12188,13362,-1174,False,1,1366,1521,-155
ba88b631-61d7-42b5-ad3e-cc5ad1da6dc6,13428,13603,-175,False,5,1519,1709,-190
ba8aba28-761a-4b00-9eb0-a4d747ae1078,13350,15308,-1958,False,1,1718,1807,-89
ba8c730b-ecea-4f78-9da0-d879c47eeebc,13372,14626,-1254,False,1,1797,1630,167
ba91324f-bb35-4712-8932-785ce2b3e515,12790,12709,81,True,4,1467,1231,236
ba93f503-b4d6-44f9-a912-1ff6b4a27d73,13527,13042,485,True,5,1406,1400,6
ba964c0f-4cde-4c5f-adf0-97ddd90c79f1,13086,13263,-177,False,4,1580,1431,149
ba9ac35e-0f59-4faf-8844-2e7bfe420cfd,12803,13642,-839,False,1,1337,1693,-356
ba9dfdcb-5e8b-4b42-8e1f-00f5d881fbbf,12395,14292,-1897,False,1,1038,2158,-1120
baa0c279-a123-437a-bfc9-1cac8e815139,13069,13400,-331,False,6,1407,1915,-508
baa25ca5-dede-468a-af1e-1740f1318ffd,12016,16114,-4098,False,1,1533,2661,-1128
baa372e4-54a5-4400-b256-b4be45445cdd,13808,12238,1570,True,8,1426,1153,273
baa58b52-1107-4b44-9d9c-319ed19ee3f8,14092,13429,663,True,3,2484,1592,892
baa872a3-cb34-40c9-a059-0ae6104f92ff,13413,13256,157,True,5,1516,1150,366
baac1e8d-62bf-4521-8360-fcaacde14b2c,11358,12956,-1598,False,1,1414,1572,-158
baacc806-eb5c-45f6-91bc-a0ff315fc3fc,13581,12926,655,True,8,1364,1518,-154
bab27565-7f59-41e2-adcc-d211b6bc97e6,13357,14768,-1411,False,2,1416,1216,200
bab8e8ae-c9c3-4b58-a889-cfe3846f0314,13510,13397,113,True,6,1369,1245,124
bad71c81-14a3-446b-a4d4-819550c21bdb,13406,12583,823,True,8,1693,1456,237
bad9d9f5-72ee-4681-933f-eac92c0b8d20,13303,12936,367,True,7,1420,1621,-201
badef9a1-95d4-42ee-93b4-4c3c606b6d22,12093,14463,-2370,False,2,1253,1460,-207
bae32545-b61c-4fb0-9e28-22a099a8cf35,14340,13545,795,True,8,1868,1572,296
baec1f31-a09e-46bb-bec0-dd9059497134,13376,13502,-126,False,2,1646,1629,17
baf29f72-e8bc-4b6a-8591-2de241a12974,14690,13361,1329,True,7,1468,1689,-221
baf6d5c3-1df0-4f25-9158-bbec078f03b0,11348,12579,-1231,False,5,899,2037,-1138
bb0042d0-e95e-4c85-b475-16c11ee4f748,14097,13497,600,True,7,1628,1634,-6
bb096918-e08d-4d2b-bd33-dadda23238b4,12169,12908,-739,False,0,1222,1838,-616
bb13bd12-dc0c-4614-ba4f-b243c0422579,12795,13799,-1004,False,2,1271,1782,-511
bb17b415-018e-4ea6-adfd-c12a0327951e,13766,12797,969,True,8,1640,1464,176
bb1f0242-c845-4367-a98f-33d42a9e381f,12480,13384,-904,False,0,1385,1300,85
bb3fa460-cc42-4576-ba7c-edbad2f97055,12518,12868,-350,False,4,1635,1832,-197
bb412b4f-5d0e-47a5-a8aa-97bb5bf70271,12450,12853,-403,False,0,1387,1574,-187
bb41fc8e-d003-4482-a88f-3cfbd66d1479,14400,12739,1661,True,5,2259,1430,829
bb771e84-5ffc-4667-a65f-05e6ecf5dc23,11620,12380,-760,False,2,1165,1174,-9
bb7c96b7-da73-46f4-8da0-3c3a61d397da,14301,15198,-897,False,1,2292,2336,-44
bb801b4f-bae1-4588-98ce-8c8af5dda604,13135,14237,-1102,False,1,1321,1974,-653
bb9f3375-baf7-4467-a927-9731904aa716,13106,12884,222,True,3,1780,1406,374
bbbce8fb-1d68-401d-9571-1b848e06b6f5,11943,12041,-98,False,4,1415,1575,-160
bbc0712c-b87e-4d20-9faa-6b4b38f21fbc,13825,13113,712,True,8,1643,1609,34
bbc28a60-bbd0-4c56-9ca2-628ce4f3dc4d,14943,12284,2659,True,7,3412,1623,1789
bbc493ad-1fc9-4e0f-952f-1bc4be83178e,12861,13069,-208,False,1,1438,1533,-95
bbcc5b28-a551-453c-b093-85398fc9be82,13246,13641,-395,False,6,1646,1331,315
bbd032b9-95cb-4e7e-9653-062cb54a169c,12991,12818,173,True,6,1309,1241,68
bbd2b0c5-8c74-4f29-8b50-e501f50fc245,13199,13566,-367,False,4,1562,1552,10
bbd6187d-ecf1-43a7-b321-ce3a64746b44,13473,13473,0,True,4,1476,1391,85
bbd75028-6619-4dfd-98a3-57a396c3617c,12977,12581,396,True,8,1161,1559,-398
bbdbf958-122a-4aab-a914-fa516d31d3fb,13021,13042,-21,False,5,1671,1630,41
bbe7a1f5-351b-42e6-836c-cfe5e709272a,12928,13192,-264,False,3,1469,1642,-173
bbedbd8d-3bec-48f2-8f57-3b65b8ecd2bf,12713,13105,-392,False,2,1426,1613,-187
bbf45277-4d94-48ac-afa6-071a85ac4c2c,13005,12688,317,True,6,1282,1375,-93
bbf90cd0-3b7d-4f43-8f7a-df0c11019e6b,12781,13133,-352,False,0,1488,1588,-100
bbffd747-7359-47db-ab21-3fe9d3a022b8,11879,12462,-583,False,0,1406,1319,87
bc0852f2-4e52-466a-b0ee-05fc4fc08767,13915,12961,954,True,7,1780,1862,-82
bc125ba8-bb6c-4be8-9913-da98cd4cc609,12802,11284,1518,True,10,1787,1286,501
bc20e6d7-c8f0-49ea-a3fa-bc2b85ed3cd0,13710,13892,-182,False,5,1046,1767,-721
bc291442-162e-4224-b531-fadb7ab60574,13247,13210,37,True,8,1223,1207,16
bc386dfe-1c66-44fb-96bf-5f8a1410b046,12901,12369,532,True,4,1938,1215,723
bc3aaf04-9bdb-46bd-b940-1aaa64a97be7,13141,13304,-163,False,6,1541,1540,1
bc3c4da5-fc36-45fe-9420-899360f89dab,12728,14133,-1405,False,2,1339,1391,-52
bc430563-76af-465b-872b-0e9c0cbe4181,13901,12051,1850,True,6,1699,1606,93
bc51a76f-99af-495c-ae37-9910d20b32bf,12163,13266,-1103,False,4,1216,1296,-80
bc5ad65d-982f-4cee-a4e0-63a745ec2ac2,12672,13803,-1131,False,0,1612,1584,28
bc62d812-bcc1-4539-b04a-05dd47d4ebc7,14639,14193,446,True,1,2308,1209,1099
bc6453dd-76e5-45a5-9e01-abff678c24b9,14181,13357,824,True,7,1633,1708,-75
bc783954-823d-4574-8543-13cc251ffa47,12656,15537,-2881,False,0,1301,2917,-1616
bc7ab890-1f86-49ae-a3c6-cc3635902664,13487,14249,-762,False,3,1424,1523,-99
bc851450-7229-4c3a-888e-a48fee450a1d,13211,13087,124,True,8,1447,1552,-105
bc8b72bf-1fdd-4cee-a518-1e1bb52d15b8,12695,14560,-1865,False,1,1404,1649,-245
bc9bb1d0-38ff-4e3f-808c-2b4a19c63c25,11987,11777,210,True,4,1363,1267,96
bc9c5a39-abf2-448b-97f7-de1ccd8f94b2,13803,12678,1125,True,8,2003,1231,772
bc9de32f-849a-444b-8d96-41d63d34e99d,12220,12751,-531,False,2,1375,1499,-124
bca5a966-5cc0-4537-9546-412cad7c364f,14237,13946,291,True,7,1724,1426,298
bca71b45-78ec-404c-8a7e-2d2e32f42c77,13949,13305,644,True,7,2183,2522,-339
bcb1d36d-9429-4321-8a0d-f8b12b7918bb,12924,12991,-67,False,5,1314,1363,-49
bcba6e1b-a1b9-4c97-a272-e03df0a80050,12884,13500,-616,False,3,1525,1423,102
bcc914c3-5fbf-4be6-b948-ffcc539efdae,11705,13472,-1767,False,1,1206,1395,-189
bcc9d36a-f5c2-4edc-a118-96ff79a47c6a,13148,13529,-381,False,0,1157,980,177
bcd6a253-8fb0-40ed-92dc-f0158c28d578,12245,13354,-1109,False,0,1669,1456,213
bce21796-95b1-450a-82ca-cec0ff63d401,14034,13254,780,True,8,1565,1507,58
bce65e91-80e0-4cff-a392-d49cd0678d21,13445,12690,755,True,8,1523,1517,6
bceb0519-126e-417f-be5f-fef44b64e8f8,13093,13352,-259,False,2,1199,1196,3
bced8b6e-c4a6-46a3-859b-e2a71a5d78cc,13383,14145,-762,False,0,1720,1184,536
bcefe32e-85c0-44dc-85e1-9e0e48e181fa,13509,12529,980,True,6,1718,1535,183
bcf0a336-cf58-4563-94f3-3a493e28e721,11993,11132,861,True,10,1224,1413,-189
bcf3b186-903b-4578-8795-15f94e417a02,12664,14206,-1542,False,0,1074,2284,-1210
bcf52282-8167-4f13-acf6-0fbd378af49d,14503,13117,1386,True,9,1368,1485,-117
bcf7f933-bbd0-4126-96cd-e241bb237ccf,13814,12095,1719,True,9,1663,1229,434
bd14da8a-a70a-46a4-8bef-0224f366532c,13396,11695,1701,True,7,1367,1395,-28
bd16c4f2-14aa-4ea1-bc23-baf7113d9bdd,12738,13257,-519,False,1,1354,1701,-347
bd17c9a1-e307-4194-b766-3f3d0ce5b08b,11127,12932,-1805,False,2,1154,1293,-139
bd2ac7f6-5d34-4f68-bd99-57b74078b12d,14704,11840,2864,True,7,2505,1206,1299
bd2e86aa-6988-4b37-989c-e42b2a908af6,14245,13466,779,True,9,1361,1482,-121
bd332ffe-8f21-4e77-8e91-529301477e12,12037,11806,231,True,7,1254,1353,-99
bd4e7f71-eec9-4749-be17-cec0044f7d9a,13221,12915,306,True,5,1139,1620,-481
bd5b1c09-27c4-41c8-b15d-32d10227d2e7,12938,13733,-795,False,4,1464,1383,81
bd75fd51-87e4-4752-bb3c-c49e7d9257bd,12867,12518,349,True,7,1323,1606,-283
bd7a18ee-c01a-4386-aebb-0bf2c77ee3fb,13126,12092,1034,True,8,1679,1221,458
bd80beb2-9d78-46d5-abdf-a6db51af3993,13796,14151,-355,False,4,1893,1351,542
bd81010f-af80-49f7-923a-3810ef4c7fc3,12650,13575,-925,False,3,1170,1867,-697
bda2cf71-147c-4703-b735-6f84a397912b,13405,13039,366,True,8,1557,1396,161
bda61a56-6040-4633-824a-007117812ef9,12885,14043,-1158,False,2,1199,1415,-216
bdacb969-f199-44eb-8f76-e92e16a80e22,13057,11930,1127,True,7,1230,1216,14
bdb23050-b710-418e-be66-dbaccb42e19d,13615,13376,239,True,6,1479,1627,-148
bdcd4f10-4c56-4413-b4ae-5e80eedbad58,12472,13295,-823,False,1,1337,1366,-29
bde28d79-3a69-43f4-b342-88bf33867aba,13266,13243,23,True,4,1510,1401,109
bdec285a-dc70-4232-a14d-5ad8db696c63,14010,13520,490,True,7,1659,1391,268
bdf21033-2bcb-470f-8597-653a90aa9a66,13591,12906,685,True,7,1469,1434,35
be027d35-f165-44c4-9bfe-490e10f64a99,12875,13111,-236,False,2,1296,1422,-126
be0cb788-f0e4-47c9-af8e-726ceabf69b1,12915,13492,-577,False,2,1543,1362,181
be0dc3bc-aaf2-4fd7-85d7-524b95f2efc0,12875,13590,-715,False,2,1373,1374,-1
be10dd12-36df-4020-960d-97fd6d2a530c,12156,12149,7,True,5,1326,1059,267
be17625d-415e-4c77-baa9-260612484e53,12391,12767,-376,False,0,1333,1254,79
be2f3ef3-8f37-4c62-a46f-cf9a94a3def6,16203,11422,4781,True,8,1986,1073,913
be33e8b7-5f2d-494d-a98c-2cbfef9ad1e6,14918,14594,324,True,3,2423,1193,1230
be37c7d6-f7dd-4aae-8e10-7c4df96a726b,15517,13976,1541,True,2,3114,2102,1012
be4277f3-b143-47f7-bcec-31a812051205,11688,12505,-817,False,0,1311,1687,-376
be4bc5a8-2192-4cfc-89c9-673456285127,14236,11635,2601,True,8,1770,1255,515
be527e56-28fe-4619-b2b7-14abbb46ed23,12676,12295,381,True,2,1971,1270,701
be615cd3-fe3a-4de1-bede-087f5ee90b01,14745,12997,1748,True,7,1191,1458,-267
be77cfd0-b75e-4c02-9dc9-36e2bc726b75,13699,14083,-384,False,2,1466,1437,29
be786580-eca1-4d5f-8054-18020db67479,11723,11682,41,True,1,1596,1262,334
be7ee1cb-e7cf-4d7c-8a57-cbabad26023a,12024,14072,-2048,False,3,1472,1311,161
be81e04e-74ac-48fe-8261-1accb4501f57,14158,12836,1322,True,3,3039,1338,1701
be86e849-68a7-41f4-9491-38570436a9d2,13488,12870,618,True,5,1262,1577,-315
be8953dc-6306-4055-8254-92728316a4a9,13363,13432,-69,False,2,1602,1139,463
be8f3da4-6b97-4680-9555-49f9e0c9f248,12998,14165,-1167,False,3,1657,1562,95
be977a69-9f7f-4f51-87ee-8be7464cf80c,14680,13577,1103,True,8,2484,2232,252
bea53c75-2ee6-457a-8579-399e3de40893,14249,13661,588,True,7,1536,1401,135
beac380b-afb5-46e2-b29a-235048dfcffb,13537,13817,-280,False,8,1350,2073,-723
beb67ceb-7329-4ed5-a807-c280524fe2da,13262,13356,-94,False,6,1507,1515,-8
bebf0af3-2778-48b9-981f-067100e35887,11895,12267,-372,False,0,1386,905,481
bebf3773-62b2-45c6-b2e3-1963d5d92a77,14738,13192,1546,True,5,2349,1324,1025
bec1ff0e-fd2c-4784-9ee3-dc7d25bee7be,12058,12401,-343,False,2,1403,1250,153
bec34305-c3a2-447b-b1b1-7c0da6e35378,13477,14083,-606,False,1,2224,2569,-345
bec363f6-1414-43c0-99b5-a5727f8b51d5,14382,12600,1782,True,8,1472,1409,63
bed7595f-c3b4-4c01-89b1-a519a418361d,12733,13171,-438,False,5,1484,1332,152
bed91833-e652-41e1-bca2-cc21be5f6253,12107,12821,-714,False,1,1382,1391,-9
bee1b004-4a77-46d2-b337-a1ab3d5c21a5,13645,12933,712,True,7,1477,1301,176
bee74fdc-268c-4bc3-a01b-fd5cd5b451f5,14661,12814,1847,True,8,1563,1323,240
beec3334-54b1-41fc-b4ec-752be1c904be,12593,11862,731,True,7,1460,1361,99
bef6a53d-5ff9-4f05-b933-7e0cfd9d93ed,12723,12868,-145,False,1,1599,1358,241
bf0d6cc2-67b3-4d31-935d-e198f318ac55,12070,13060,-990,False,0,1146,1211,-65
bf1989eb-93e5-4583-9627-2d105e3797fa,13633,12974,659,True,8,1627,1479,148
bf1a4329-a23a-44ff-82e0-64bfd190f0b2,14397,14792,-395,False,4,1448,1490,-42
bf2296ee-6bfd-44b7-a44a-c6fae518a72a,14285,14085,200,True,6,1537,1441,96
bf38a597-4800-4eb2-81dc-bbe93d6c67eb,12517,12815,-298,False,2,1415,1578,-163
bf478e04-34f7-49b3-8faf-19c9df4a92b1,14178,13343,835,True,5,1958,1510,448
bf4ada7b-af13-4b77-9b23-f1a525d0bec1,14148,14594,-446,False,3,1424,1516,-92
bf4d8bf5-b123-4172-b2c3-a4512b00ae62,13503,12775,728,True,9,1506,1514,-8
bf51c448-7afa-4f75-b1d4-867f66c91a03,13356,13271,85,True,7,1334,1331,3
bf56cc5a-4aca-4593-b548-faa059a5f291,13357,12971,386,True,6,1497,1395,102
bf708a07-957c-4139-b6b8-bec5c197119c,12752,13269,-517,False,1,1312,1590,-278
bf71ce2b-96b2-4d2c-b649-d077aa2ff545,13948,13320,628,True,8,1465,1627,-162
bf7ed69b-0f1e-4846-8c21-31e664ff7426,14239,13481,758,True,7,1443,1319,124
bf7f1a38-4991-41f8-884e-af8c91030fe0,14960,14339,621,True,7,1318,1203,115
bf803250-b0ba-48f7-972e-da960ced243b,12319,12685,-366,False,3,1355,1435,-80
bf94e1fd-de4f-4e93-9416-5c79426e4e87,12370,13596,-1226,False,3,1389,1441,-52
bf9b5cc7-21b3-474f-a7f1-968a7cf1c0b2,13189,13442,-253,False,0,2190,1642,548
bf9cadde-ddca-4f5e-9ae3-bee23cab07bd,14056,12664,1392,True,8,1695,1364,331
bfa1fbae-f2c3-48df-aef5-d1e2285a7575,12666,13420,-754,False,5,1329,1383,-54
bfa8baca-d656-4565-a559-3e2fe3022038,13763,13818,-55,False,5,1226,1564,-338
bfabdf67-0e70-40bb-8ae5-03e37863235c,11880,11840,40,True,5,1191,1346,-155
bfaf519c-bc14-4b97-8161-6d25c8904027,13330,13289,41,True,6,1440,1152,288
bfbf73b9-99ce-4f9b-aee3-364c4ab88b50,13869,13359,510,True,1,2521,1457,1064
bfc1d5fc-8a01-4f42-a053-3bd98f3fc472,10709,12614,-1905,False,1,1267,1265,2
bfc89e14-f701-4eab-b1ba-47d760016b9f,14409,13126,1283,True,8,2358,2164,194
bfd05d8f-abee-41b7-86b7-e304cf1bf28f,13080,12777,303,True,8,1268,1675,-407
bfdd8c9a-b291-4aba-b127-cf45fafec16e,13829,13078,751,True,7,1410,1404,6
bfddd7f0-798d-4164-9a94-b04998f0542a,13412,14021,-609,False,1,2049,1785,264
bff123b7-fca4-41a1-8c69-71a1f97a1076,11373,12282,-909,False,0,1298,1349,-51
bff312e2-a34b-4cf4-a8d1-9d5596fe28f6,13917,12693,1224,True,8,1232,1865,-633
bff61b37-42c4-4596-9fee-1d82f562b6bf,12277,12990,-713,False,2,1358,1419,-61
bff6c889-f512-4801-897c-b275f105d82d,12559,13530,-971,False,1,1338,1387,-49
c0181673-33e7-46ff-81ba-35d8ab74ba29,14107,14232,-125,False,4,1970,2178,-208
c028c7a8-5cd7-42b3-b80e-a7f8feba4722,12875,13557,-682,False,7,1163,2068,-905
c03a0be4-2c09-4982-971f-239585211041,14631,12664,1967,True,6,1744,1435,309
c0508b7e-31f2-40aa-8b25-c934cf41e659,13025,11642,1383,True,7,1264,1191,73
c0537b76-a80b-4e91-89ee-bbbf3fd65d9d,13515,13485,30,True,1,1645,1252,393
c053c484-9f31-4109-9544-b1df2cc4bab2,12789,12962,-173,False,4,1431,1618,-187
c0585e39-b1d3-4ad0-9441-69b4a47deaba,15132,12980,2152,True,4,3368,1125,2243
c05bb989-f524-47f6-af93-b2dd0a0ab10f,11958,14517,-2559,False,1,1372,1395,-23
c05f825b-b55f-4751-9f8a-3324acf25b3b,12381,13074,-693,False,2,1020,1563,-543
c06ce86e-2728-4e04-82ba-5457c5e830c1,12648,12779,-131,False,8,1250,2011,-761
c070eb59-bdf1-48b8-af4d-b42f425700d6,12537,12830,-293,False,2,1415,1587,-172
c0731f8a-6757-4917-a3c4-7b10b1f6184f,13107,13222,-115,False,5,1383,1378,5
c0747ac6-b977-4250-a699-f4c0b87af7db,11524,12152,-628,False,0,973,1530,-557
c075ee44-3ae5-4a8a-8272-51c3e2785255,12857,14184,-1327,False,2,1399,2198,-799
c08255c7-c928-4723-86a7-c529969bda7e,13280,11982,1298,True,8,1464,1158,306
c085cd74-a486-4fde-97bc-4c9c169430ad,12918,16541,-3623,False,1,1579,2543,-964
c0969677-19af-425e-bdd1-a65c1955db28,11643,11310,333,True,6,1105,1173,-68
c0a7cdf6-1e0a-4f7d-b08e-5a5fc1d06168,13637,13723,-86,False,1,1752,1626,126
c0af4c10-a5b3-4a87-ac09-4b7c8f33d615,14279,13546,733,True,6,1652,1735,-83
c0b46e8d-07b4-4807-9cda-caf94a563986,16191,14888,1303,True,8,1216,1415,-199
c0b753b7-d8b4-4f4c-ab2d-532bd7399b17,13777,14259,-482,False,4,1730,1384,346
c0bba100-15c0-4e63-8810-f95b743d3b11,15296,14466,830,True,4,2973,2224,749
c0c4e44e-f74d-4eac-89e5-fee2a83ce098,13593,11915,1678,True,8,1673,1284,389
c0cae6e5-4d78-4f98-a643-f19952197289,13108,12349,759,True,7,1707,1358,349
c0d23ff3-a62a-4b75-8f75-35bf20155c51,13454,13827,-373,False,1,1592,1460,132
c0d3ccf5-9863-49a2-a9b7-9a2ce8ef700c,13134,12839,295,True,7,1493,1527,-34
c0dec5cf-583c-4499-866c-5354853b33fb,13763,12909,854,True,9,1672,1362,310
c0df02d7-1a84-47cf-be3b-e917a041598c,13801,13550,251,True,4,1491,1717,-226
c0e7d7d3-2645-4b4a-9630-c2752bbb6ed9,12897,11962,935,True,8,1520,1462,58
c0f790b3-6eef-48e9-ae98-be3db5205d3e,13603,13736,-133,False,2,1070,1926,-856
c0fbb4f9-0c59-4e02-9ca1-d47db558f37b,14255,13169,1086,True,7,1851,1324,527
c13037f8-1a2d-490c-93ff-46891c3b105a,11562,12344,-782,False,0,1290,1552,-262
c14cb445-fa61-4399-8324-b8c3b04a9075,12747,13749,-1002,False,2,1202,1496,-294
c14e10be-ce78-4404-a438-6bbe29c4202c,12789,14309,-1520,False,1,1448,1800,-352
c1591e1e-3ed2-4f14-94e5-50913e378810,12785,14241,-1456,False,1,1176,1820,-644
c159e25e-1d52-45a7-9f08-e7208d013793,11778,12612,-834,False,0,1220,1808,-588
c15bac28-9460-4785-b8b9-05bfcbce6b0c,13310,13399,-89,False,2,1646,1232,414
c15ed925-5479-4c17-9a19-0fc4b207685c,13673,12593,1080,True,7,1013,1275,-262
c162cb18-1375-469e-a2a5-f98647e9d383,12987,13793,-806,False,2,1529,1734,-205
c1657c9b-a826-456e-9a78-68df2b9198cc,12855,13850,-995,False,0,1194,1241,-47
c1671aa5-d1f2-4c0e-970b-6ef9fb1b87cf,12558,13825,-1267,False,0,1918,1551,367
c17e04cd-3a45-44e3-ade3-0e3196d580ca,13414,13158,256,True,7,1741,1390,351
c196c690-9d6f-467b-b515-6741aa3d6372,13304,13566,-262,False,3,1773,1398,375
c1a93b4a-87c2-4bf6-8240-e88e680dda2b,12233,13474,-1241,False,0,1189,1223,-34
c1aeadfe-4589-4169-b60b-efc3289ba214,13575,12910,665,True,8,1549,1428,121
c1c7e362-0d2f-495c-b5ad-fd22a9b44a95,13544,13111,433,True,8,1287,1637,-350
c1d899f1-4824-4f11-a4ef-e05c344ceb4a,13583,13442,141,True,8,1638,1759,-121
c1d9e0de-98d7-4d34-999e-6e3c8c6b1966,13073,12663,410,True,6,1580,1505,75
c1dfd9fc-2758-4255-9814-e6920a69fe0e,14442,13136,1306,True,5,1681,1452,229
c1e0de05-67d8-4701-be20-d4c8eac90e61,13769,12697,1072,True,9,1772,1356,416
c1e5640d-bbb2-49fa-bf2a-5a3566f1b140,13089,12945,144,True,1,1832,1063,769
c1ede66e-2bf4-43f7-baaf-76f354c07a0e,12996,12480,516,True,8,1507,1314,193
c1f05dd4-731b-4feb-95e1-8ca2ffe49f14,12110,12704,-594,False,0,1807,1816,-9
c2029454-ab55-4c73-946b-6a5f92b3fb25,11717,12983,-1266,False,0,1433,1603,-170
c20b1389-348e-4ab4-ab58-f0ceeec15224,11981,12272,-291,False,4,1250,1157,93
c2119901-3478-4038-a551-cc819dff8a24,12762,12602,160,True,6,1354,1558,-204
c21672be-ccce-487e-a4d6-a7353ec60fbe,13483,12984,499,True,8,1491,1483,8
c2176ae7-30e4-4780-9109-21a0d62378a7,12674,13706,-1032,False,3,1292,2461,-1169
c221fc4c-4ede-4017-afb0-bfc967269fbb,12461,12519,-58,False,7,1261,1671,-410
c2265086-4358-4665-9924-d98a21fc7e87,12983,12813,170,True,6,1413,1187,226
c227b1d1-c391-4e71-acf6-bee97249e1bd,13435,12814,621,True,8,1124,1466,-342
c228f2e3-2af0-4dcc-a44a-0e30b89afd2d,13326,11703,1623,True,6,1290,1244,46
c23ca9c9-cae6-4218-89a4-95b162afca90,13375,13627,-252,False,4,1611,1354,257
c23ee5b4-ccc2-4780-8a5f-eb2cf19d93d0,13588,13597,-9,False,3,1960,1924,36
c245936d-d11b-43f9-b4cc-635b629104f0,13233,12789,444,True,6,1601,1469,132
c24cf58a-ea36-48fa-aced-a673d74962c4,12571,14201,-1630,False,2,1537,1470,67
c24d0b3d-bcd1-4e03-b2e6-d544437a4b59,13059,12595,464,True,6,1439,1421,18
c24f4eb8-629b-4824-9232-4beb86f5a8a0,13972,12426,1546,True,7,1605,1027,578
c251799c-e0af-4c57-9064-536cef008188,12301,12001,300,True,4,1524,1377,147
c26c86bc-47c7-4f5b-abd7-d2ee0df17386,11628,13092,-1464,False,0,1145,1665,-520
c277bc77-5d64-477a-b237-dac77bbef494,13414,14185,-771,False,7,1517,2415,-898
c2802a95-a3a4-405e-8a08-ef264c8da885,12342,11614,728,True,8,1150,1322,-172
c286f8f7-ba60-4184-bd15-0b00ae8c04fb,13027,12509,518,True,9,1081,1448,-367
c2893283-8a11-46b7-94f3-1e9644e224ef,13543,12794,749,True,8,1717,1381,336
c2987986-dd7c-488e-b40b-b673abdd14cf,13137,13209,-72,False,7,1433,1629,-196
c2a20b14-1932-442a-9470-48d82a85bd56,13610,13653,-43,False,2,1993,1665,328
c2b91a67-b69d-4a90-821e-1e147025872e,14119,13457,662,True,6,1576,1244,332
c2ba69ef-f63d-464f-b152-df0aef6668fe,13003,13458,-455,False,0,1610,1607,3
c2c05854-246e-4a60-914e-4e025c87cf92,15027,13293,1734,True,3,3168,1345,1823
c2c8d9d4-ab2d-423a-b5c5-7115168dabf6,13188,13003,185,True,3,1405,1289,116
c2cbd500-0dda-4fd2-a241-963f28c1427d,12189,11709,480,True,7,1534,1123,411
c2ce0547-92e7-43a1-b276-89aafb53fb21,16103,13824,2279,True,9,2168,1152,1016
c2d03dcd-e6bc-4d20-ada6-859039905726,13676,12417,1259,True,8,2119,1408,711
c2e1e420-1070-4f89-bb0d-16f8589d83f7,14454,12374,2080,True,7,2369,1243,1126
c2edcd63-eac8-4b98-9af0-ea3930280c72,12599,13604,-1005,False,1,1270,2199,-929
c2ef8979-15bc-40a1-94d9-4a6ff26b092b,13606,14903,-1297,False,1,2130,2413,-283
c2efde73-8531-472c-b6ae-1a0e7d769d86,12598,13974,-1376,False,1,1450,1724,-274
c2f4c7c2-f7cb-4ec2-a6f1-7a2f37e9561b,13535,13301,234,True,4,1638,1257,381
c2f7c018-4cac-4f2a-b161-9cfee18704fc,13248,14030,-782,False,1,953,1427,-474
c30688e3-17b5-4330-9b3e-65350fd26d07,12289,12359,-70,False,2,1436,1285,151
c3158ddf-ef12-44c3-8190-14dddef0b4a7,12718,13260,-542,False,2,1780,1510,270
c323fa8c-6fe6-492e-85e2-3f3a3ae83835,12711,13201,-490,False,5,1185,1725,-540
c3244762-9f43-4d5c-a709-f6a2712e99b2,13555,13686,-131,False,2,1719,1557,162
c328ddd2-9538-4be7-8d29-6d9e68a8f7d3,13204,13829,-625,False,3,1247,1618,-371
c330df0f-a6f7-4a2e-b22d-0ad29fe585d6,15266,12129,3137,True,7,2729,1479,1250
c33d03bf-a6ce-441b-964d-0c5894e0b06e,13649,13885,-236,False,5,1285,1505,-220
c33e90b7-e4cb-46eb-b7f6-e504714bc8aa,12811,12906,-95,False,3,1102,1386,-284
c35e352e-60be-454a-8f51-bef88c12a7f3,12711,13917,-1206,False,3,1452,1383,69
c3711807-8b41-4f29-9dda-1db4e5050852,15315,12972,2343,True,7,1838,1211,627
c37a8e39-e811-4e02-868c-ffb6bf0ca3f8,11915,12564,-649,False,6,1183,1983,-800
c3810618-44b9-47c7-8a1f-db99965123f3,13330,13502,-172,False,0,1415,1486,-71
c384854c-415e-4edf-9868-6d99f61c7684,15456,12464,2992,True,8,2171,1378,793
c38d0a38-5c7b-4fa1-a7d7-4e14638f2d0a,12060,12069,-9,False,3,1159,1389,-230
c3afa3a4-5a18-4ccd-a61b-304202a71258,12679,14055,-1376,False,0,1213,1327,-114
c3b1d789-5d20-4172-b6b5-3b25be35cb32,13450,13203,247,True,8,1623,1623,0
c3b5f6d8-67bb-4d47-9415-adca0b2713f2,13884,13172,712,True,8,1367,1837,-470
c3b6d18d-c340-4791-b835-f9208b2c71bb,13882,12914,968,True,6,1603,1409,194
c3babf07-5479-406a-83f7-67bdee6b1261,11912,13189,-1277,False,2,1288,1505,-217
c3bb8059-aad4-4150-bc33-c6480ad96bf9,12914,13505,-591,False,2,1068,1356,-288
c3c24831-89d1-49e8-b28a-18a32293878b,13483,13358,125,True,7,1518,1480,38
c3cb24ba-389d-4cfe-9fc9-2c93b53da3f9,12634,12449,185,True,5,1596,1998,-402
c3d57dd8-3d07-4acb-9382-819283e04aa5,13918,13719,199,True,4,1792,1932,-140
c3d7152c-9ca2-45ca-88c1-c363487ded59,13372,12476,896,True,6,1212,1402,-190
c3d8df55-5ebe-4136-a2e4-f48596f2991c,13093,13315,-222,False,3,1566,1480,86
c3db9698-0aff-4c61-84ae-7db959d291bd,13932,13257,675,True,7,1767,1611,156
c3e4cf0f-b0f0-436a-bc43-4b76cfe8a5a6,13205,13006,199,True,6,1575,1481,94
c3e64c4f-35b0-448d-b168-876d6a430a51,11824,12641,-817,False,0,1594,1199,395
c3f371f3-2eef-4879-940f-3fcca74f1774,14242,11824,2418,True,7,1379,1373,6
c3fa519f-b1a8-4669-b18c-2fc47debb53f,11606,12265,-659,False,2,1311,1605,-294
c401ba76-17bf-4b50-b2dc-d35787d711ce,12060,12470,-410,False,2,1238,1352,-114
c407b719-ee68-4219-bdb2-9b34a567010b,13622,12797,825,True,5,1436,1422,14
c4189c3a-03a3-4882-b210-fcef479f6f0b,13891,13053,838,True,7,1435,1239,196
c4200000-2527-4453-bedc-14bbde79d830,13156,14137,-981,False,2,1273,1453,-180
c4264d05-e038-4f9d-90d6-4bc61416caf8,12405,12490,-85,False,5,1414,2000,-586
c4296b38-a916-4572-84da-9fb9bfb84e7c,13604,14177,-573,False,5,1356,1799,-443
c4465e1a-038c-4d39-b004-55a4227c722b,12687,13148,-461,False,2,1393,1441,-48
c446fc14-adda-4ba0-be68-c5d606e6819f,13341,11537,1804,True,6,2026,959,1067
c45d7a72-c036-4f53-9150-0870f2ba99af,13311,13792,-481,False,4,1265,1937,-672
c4605389-7fb8-4aba-bf96-a2e4e6438f10,12016,12489,-473,False,3,1368,1164,204
c465d4e3-ddac-42c9-a317-af72ab06dc92,13561,12770,791,True,5,1817,1332,485
c46b88e9-2b7d-4cf0-81f6-e63b6dc33cef,11430,12194,-764,False,1,1560,1276,284
c46ee9be-19be-40e9-a0cf-98a4d6adbc26,14329,13483,846,True,8,1215,1244,-29
c495172e-d0fd-45e8-9c83-0a5abdc1786a,13136,13510,-374,False,4,1347,1907,-560
c496a464-7a2f-4a19-a2bf-322834e09494,13972,12484,1488,True,5,1562,1290,272
c4aaca3c-522b-4339-9b3f-35e2319f4f20,12930,13733,-803,False,2,1315,1348,-33
c4ba7683-247a-4aff-b647-affba3863d62,14735,13050,1685,True,7,2400,985,1415
c4c1674b-20bb-46b5-ace9-9c49e123d190,12653,11103,1550,True,10,1169,1192,-23
c4c7494c-dc5f-4daa-a725-b9dfa3ce934e,13368,12659,709,True,7,1217,1021,196
c4ccf801-5a76-496c-952c-14c46147a237,11859,10934,925,True,7,1271,1239,32
c4d148cc-040f-468b-9b33-eebb91df21c4,12710,12743,-33,False,3,1472,1261,211
c4e228e9-e9d5-4349-9083-ae64a49aac2b,13311,13472,-161,False,1,1555,1543,12
c4e615c5-3ff2-4857-8cb3-9d4d1b310d89,13084,12666,418,True,3,1419,1218,201
c4ec470a-2995-4e9d-9623-787ec4f1c28e,12970,14868,-1898,False,0,1545,1699,-154
c4f45ef4-7f8f-4c25-a2c3-b290711dd992,11486,12664,-1178,False,2,1297,1056,241
c4f60793-cd81-44b0-90a8-c6a4148fbbe1,15276,15011,265,True,6,1785,1621,164
c4f775ab-3812-4c82-9602-3ddf5d59f509,12239,13210,-971,False,1,1368,1219,149
c51b703f-b8da-4ca2-83e7-8db9e17009ae,12786,12756,30,True,3,1543,1299,244
c522c5b4-29bc-4b39-a8cd-1ddfac086431,14091,14517,-426,False,4,1472,1660,-188
c5362592-e0d6-4d13-9fea-fa542666e277,13291,12926,365,True,6,1356,1366,-10
c543c656-d47f-48a5-a415-ec57e15e2b08,12968,12688,280,True,7,1410,1544,-134
c54a97b2-28eb-46c4-b26b-9defdff5f75b,14005,13765,240,True,6,1342,1614,-272
c54ad064-a737-40f9-a674-894cc100163d,12862,12372,490,True,5,1973,1191,782
c54c83af-2fe0-4a44-b8ee-ac6f7a4a8de5,12811,14425,-1614,False,0,1706,1290,416
c550f792-0c6e-4013-932c-d1d77d3c6495,12311,12978,-667,False,2,1142,1691,-549
c5539f0a-a564-42a3-a485-1f4a8882af3d,13043,13362,-319,False,3,1390,1719,-329
c5599751-46ae-49cc-a42f-9f75819f8c21,12427,14223,-1796,False,1,1375,1303,72
c55b7939-066e-48f1-9152-98ebec8fbed9,12908,13894,-986,False,0,1463,1418,45
c572977f-a275-4230-bf09-d2492af26192,11654,11569,85,True,2,1363,1260,103
c579683c-b165-442a-866e-0c8c0d4c90ca,13099,12396,703,True,8,1199,1271,-72
c57a2f95-67e7-463f-ab33-a44364a44614,13835,12765,1070,True,5,2171,1322,849
c59ce77a-ddb8-44d7-a30d-a2ce26cb897b,13204,12854,350,True,8,1560,1553,7
c5a599b6-7c7a-4bb0-a283-cf95030d623d,14416,14470,-54,False,3,1873,2094,-221
c5a6303f-302c-40b5-b42a-7f726a568126,12738,13979,-1241,False,0,1234,1756,-522
c5c0044d-8566-41cd-9779-b2f58a5a1563,12854,12437,417,True,7,1169,1564,-395
c5ce4edb-03ce-4d54-bc90-8d66bfcc1c1a,11351,12937,-1586,False,0,1371,1193,178
c5d9bc8f-9e6d-404d-ac98-8094d8637373,14147,13710,437,True,4,1499,1255,244
c5dedf99-1ccf-47f0-8083-ae73e3b0a750,14086,13898,188,True,4,1561,1322,239
c5e97fff-dded-4a24-8193-43196fe670bc,13226,14865,-1639,False,5,1429,1677,-248
c5eb488b-363f-4cc7-853e-a83354269f76,12657,15086,-2429,False,0,1034,1805,-771
c5f3c8a5-9037-4111-93a9-d0e3b33b9ddd,13254,12741,513,True,6,1450,1708,-258
c5f3df56-71ff-4788-b1e7-1a151d7a3e77,13392,13179,213,True,3,2235,1623,612
c5fe8a5b-48c4-4398-9de6-5f05df86f16f,12595,12776,-181,False,7,1156,1830,-674
c60ab790-83b1-41f0-b969-4c45968c30ea,13761,13776,-15,False,1,1594,1636,-42
c60d84eb-bfc0-4dfb-b139-4231a5a7c378,12726,13214,-488,False,1,1271,1314,-43
c6158e93-53f1-4330-8ad9-15d7a5f664b5,13670,14371,-701,False,2,1809,1505,304
c620e1df-d355-4a05-b4a8-d8bbe9659f75,13681,14428,-747,False,5,1480,1278,202
c62192d9-28de-45ff-a788-53fcb77631ab,13092,13623,-531,False,2,1546,1718,-172
c62391a1-56db-4cd5-8b68-8e4d4c8488ad,13802,13178,624,True,3,1475,1645,-170
c62498c7-1027-4d6a-9b46-90128596801b,13661,12649,1012,True,4,1459,1419,40
c62761c2-0166-4eb0-a10e-db50772ce7a3,13053,13550,-497,False,1,1494,1797,-303
c63725bc-be04-41c0-b69e-89eef832384e,13091,13544,-453,False,4,1213,1954,-741
c6496a21-1c92-444d-bbe1-9df61b324b0f,12864,13814,-950,False,3,1452,1501,-49
c64b776f-7013-49ee-8a65-939943df01f6,13470,13670,-200,False,4,1883,1979,-96
c64ef1f6-c177-4db0-9296-d66bbf0cb8dd,13136,12717,419,True,7,1248,1420,-172
c660ad69-a06c-4a59-951c-6ba3b2378e96,12925,12618,307,True,2,1538,1208,330
c66122ae-eaa5-41ab-9e60-45c2d609f48d,13038,13879,-841,False,5,1557,2431,-874
c66680ce-b208-452b-b1f0-29655cfb3f5a,12905,13515,-610,False,2,1351,2103,-752
c6787b95-4f51-4ef8-9197-84e11292dc9c,13088,13545,-457,False,6,1423,1783,-360
c67c76de-bd8a-4d02-aa5b-38e15d16ba9e,12656,11852,804,True,7,1413,1428,-15
c6861362-10fa-4f50-ba3c-3e5ec1ad35f6,12830,12699,131,True,4,1490,1388,102
c68dd358-85e0-4ed2-9986-a1f954d54e9d,13156,13016,140,True,5,1446,1572,-126
c68eb9cd-cbc9-47ab-b5fb-6867588c5a18,12820,13273,-453,False,1,1438,1473,-35
c6997fa9-aa64-4990-a22c-77ca48cc463a,14055,13789,266,True,4,1587,1191,396
c69ca671-b5ee-4217-bd1e-cbc8d373a3a7,13959,14225,-266,False,0,1486,1625,-139
c6a3fa6d-cb9a-4b63-903b-8495f8021616,13166,13190,-24,False,6,1116,2180,-1064
c6aaff10-27a8-4e53-99d6-274499dc78a8,13290,14954,-1664,False,0,1279,2157,-878
c6ab8340-af25-46e1-a197-85b68e82b379,10881,11951,-1070,False,3,1290,1108,182
c6b5c399-b296-446b-89a3-0a2a46e51ac9,12765,14553,-1788,False,2,1563,1631,-68
c6c768b7-5954-4b2a-9adc-ac408ab75ab7,12598,13163,-565,False,2,1308,1618,-310
c6cbbf4a-a05b-478b-ae4c-a2227a3c4361,12342,12714,-372,False,1,1221,1530,-309
c6d38b4c-d4d1-4996-a0f9-0bc2e05c5ec0,13827,12161,1666,True,8,1694,1272,422
c6da15ad-b7a2-4ace-9421-125695959ae2,12049,11966,83,True,5,1271,1413,-142
c6e4a3aa-9b63-4628-948b-5d3c6453e13d,12577,15514,-2937,False,0,1376,2396,-1020
c6e59cc6-61d7-4e28-b779-fea96fe729ba,13704,14157,-453,False,0,2086,2191,-105
c6f165c5-371a-43be-9b63-4beed75c7640,14064,12436,1628,True,7,1905,1250,655
c6f74eec-6464-42dc-b533-3e56f7ce460b,12837,12352,485,True,9,1177,1553,-376
c6fa7bef-9e9c-4493-b511-c48b4172db2a,12841,12900,-59,False,3,1149,1548,-399
c6fd786f-6f23-4789-8e2a-09fa4e17ea4e,13336,13692,-356,False,4,1442,1505,-63
c70a3af2-ceba-491c-a123-a98e91bb1579,12859,12440,419,True,8,1378,1391,-13
c720d6cf-c29b-4bd7-a600-c7a5e14b8cbf,14070,13219,851,True,8,1734,1237,497
c720e8b7-0e95-457e-82de-e68354af393e,13957,13671,286,True,4,1529,1574,-45
c725332f-5393-49ba-a2fd-0459ea0d5e41,12606,13328,-722,False,2,1416,1382,34
c7254dda-1df6-4386-a6ec-3d46319be7be,12746,12524,222,True,4,1187,1064,123
c729b2a6-4806-4a69-8fb4-074165cf4897,15063,13141,1922,True,8,1344,1647,-303
c73248d5-fb25-449b-ba2e-dad556efe19c,12823,13826,-1003,False,2,1430,1224,206
c734e93d-ff5b-483b-b24e-36eecb8eef9d,13250,12935,315,True,6,1430,1615,-185
c736ad54-8d52-42f1-a261-8104b1f8903b,11959,13387,-1428,False,0,1988,2306,-318
c740165f-c960-462f-99f9-8dbf8b52cffe,12032,13009,-977,False,0,1229,1435,-206
c7615ebf-2460-4e63-9711-eaff64366f0c,13600,13628,-28,False,3,1870,1174,696
c765837f-275e-4035-852a-493a7ed04061,12798,12607,191,True,6,1717,1424,293
c765b15c-2cf2-4b54-aa2a-d4553067397b,13292,13728,-436,False,1,1488,1359,129
c770e530-cd04-43b1-bf04-dd5fe8c5beab,12253,12074,179,True,7,1245,1350,-105
c773a31f-c72b-47d5-a624-3244a83f53b5,13735,13447,288,True,5,1475,1211,264
c77487fa-ae9e-4d0b-a6e0-7da99c1b3c1a,12520,14014,-1494,False,0,1604,1341,263
c7832561-e431-4317-a409-6560a5fb8c8f,11672,12670,-998,False,1,1557,1471,86
c79efe07-6943-423d-b85d-91e2514fce92,12466,13545,-1079,False,1,1596,1470,126
c79fe591-8e64-45dc-9e5d-b44d23e381fb,12838,13418,-580,False,4,1278,1399,-121
c7a70c85-57d4-49d7-b864-e4b6868f7fb0,13157,12911,246,True,8,1667,2021,-354
c7b1ab40-d6e6-4178-89f7-00d365c645b3,12353,13889,-1536,False,1,1183,1192,-9
c7b2c027-c474-4c2c-a2dd-6f68bfc05efa,16284,12030,4254,True,8,3163,1139,2024
c7c1e594-cb80-495c-a1e6-b82ff0fce772,13756,12878,878,True,7,1725,1303,422
c7cd0d74-6585-4335-b8e0-5acbc46234cd,13424,12863,561,True,6,1578,1641,-63
c7cebba9-f76d-4155-b540-f100d59bcdbe,13357,12912,445,True,5,1324,1545,-221
c7cfd00b-7474-4f27-9d7e-b33074be6069,12497,13771,-1274,False,2,1505,1325,180
c7d258a1-1ece-4874-ab9b-88289fe60256,12515,13668,-1153,False,1,1527,1515,12
c7d8d9de-7b08-4cd7-a789-9dde741962c9,14704,12938,1766,True,7,1672,1562,110
c7d9bf3f-b0a0-49c8-8301-68221dfc00e2,13694,12782,912,True,7,1583,1416,167
c7de807b-1256-4714-8dd4-a5c7f150ba4c,13944,11585,2359,True,7,2547,986,1561
c7e9ce8b-bcbd-48d5-aacd-7142d5a645b9,12563,15247,-2684,False,0,1221,2878,-1657
c7f6cafa-bd28-4f35-8216-a85fc2b87602,12665,12191,474,True,3,1469,1464,5
c7f809c2-a0d5-42f7-90a0-cfd07dd86306,11485,13734,-2249,False,1,1262,1600,-338
c7fa26d0-67ce-4a3b-9533-098d87c19166,13249,12998,251,True,4,1617,1522,95
c7fb4ae8-4c97-4a9f-9511-16fdcbafd837,11995,12175,-180,False,1,1183,1285,-102
c800596f-5cba-490b-ae56-fd5de5b28311,13014,12955,59,True,5,1453,1479,-26
c80561c6-e7dd-497d-9cca-e5fe9310bb73,12927,12962,-35,False,8,1168,1518,-350
c80d85f2-a446-4407-b016-d1db4e969aca,12414,12462,-48,False,0,1483,1390,93
c80da364-d85a-4447-9675-0b3ccd0764f7,13562,12731,831,True,6,1788,1325,463
c824ad6c-cdf9-4bff-9255-8ba75349b35b,13059,13810,-751,False,2,1360,1706,-346
c826157e-550c-4d1e-ab91-a4050ebcda5f,13171,13190,-19,False,3,1533,1271,262
c8429c3c-5d22-4d60-8591-6010bd38f064,13174,14080,-906,False,4,1151,1671,-520
c84d4cc9-be53-4431-a8c4-77ec9172dd33,12124,11389,735,True,6,1550,1195,355
c84ddaed-de6a-48ca-b2c4-7907d8fa12c2,12162,12886,-724,False,0,1346,1379,-33
c855bfd0-5858-4d66-baae-f55b1de2e70c,12129,12998,-869,False,2,1293,1232,61
c858a9c2-efbc-476c-a6f6-3c3c6053c63e,13418,14522,-1104,False,3,1182,1458,-276
c85d1e35-41fb-475d-a96c-687dea915453,13630,13782,-152,False,6,1397,1860,-463
c868dfe1-8eb3-4d3a-9862-653143d274d8,12844,12387,457,True,7,1356,1045,311
c86b0f7c-05ab-4c1b-a7ca-bfb60dd8832a,15303,13505,1798,True,7,1749,1987,-238
c86bce9c-2633-4843-9eff-8c05a8550173,13660,14313,-653,False,7,2185,1140,1045
c87598a8-5e8b-4cfb-b1a4-e767e21f733c,13635,13318,317,True,3,1341,1811,-470
c8766d61-821c-4b0b-b8c2-b3d8b5812e72,13825,11601,2224,True,7,1607,1260,347
c881433d-72a2-46d6-9239-32875cdfad5c,13415,13313,102,True,5,1739,1503,236
c881bc35-0b91-4c02-9f7a-d83c0380438c,12827,12516,311,True,4,1627,1258,369
c88d0b4c-7c57-4b27-8e22-f6536150ff97,13574,12984,590,True,8,1552,1469,83
c8aaa4b5-ec1c-4e89-b331-74d63d795fa1,13889,14434,-545,False,0,1501,1481,20
c8af19e9-a31c-4560-b898-4666092c29d7,12696,13821,-1125,False,0,1422,1052,370
c8b3a9e3-7bf4-4e84-b7ca-b46f4d1b3217,13581,14550,-969,False,5,1495,1481,14
c8b46cb4-dc3f-48ba-ac99-6be0a19b8fef,13765,14138,-373,False,1,1568,1728,-160
c8ca8383-7155-4f03-8e80-1f89d7f59dc5,12760,14212,-1452,False,0,1628,1390,238
c8d0c70c-40d5-4424-bfd1-e446e2d75479,13163,13049,114,True,7,1553,1612,-59
c8f037e7-5d72-40d0-9141-edd30e03e3b1,13665,13780,-115,False,2,1615,1477,138
c8f783a3-0565-4116-acfe-58fee0e0458e,12714,13575,-861,False,0,1479,1727,-248
c8ffc8c9-c26b-4c9e-9048-97ba211558de,13306,13949,-643,False,2,1511,1909,-398
c90b02dd-01c0-4d2a-a881-79e8f3cbfaab,12557,12271,286,True,8,1327,1420,-93
c90b1e64-f2aa-4b93-baa3-40e5bf7ca5b7,12718,13491,-773,False,2,1281,1305,-24
c9113a22-8890-4e1c-845a-56d25440b766,13858,12772,1086,True,7,1367,1407,-40
c91b0d9a-23a8-40bb-96c5-9a1bc8dd8cec,13377,13271,106,True,8,1415,1732,-317
c91b3078-f766-4ec8-a515-1da9a909ec50,15273,13725,1548,True,7,1410,1588,-178
c9381a11-df5e-41a2-8650-07158ab402dd,13036,13297,-261,False,3,1684,1667,17
c939c340-570f-44f4-b36d-5fd9b5bf8d03,12501,14126,-1625,False,3,1522,1448,74
c93bb19b-0e93-4c0c-8dec-91454842c142,12947,12442,505,True,5,1395,1291,104
c943588b-e009-49be-94e0-008fdaf6d801,13387,15318,-1931,False,0,1751,3110,-1359
c94e2b92-83d0-4207-9b34-737dbbab3bde,13239,13366,-127,False,7,1541,2063,-522
c94fcef4-2265-4ca9-b5f0-7841fa3807ac,12910,12656,254,True,8,1417,1416,1
c955c1c6-b542-4564-9311-73f1947c1d64,14289,16836,-2547,False,1,2215,2096,119
c96467fd-8098-431f-8a2d-9d75e7e1d452,12813,13798,-985,False,0,1270,1561,-291
c980a86a-51bb-4f0e-addc-02426d67072b,12156,11607,549,True,9,1304,1139,165
c983d845-59cf-4a0e-8bb1-94228f322db6,11739,14295,-2556,False,0,1642,2026,-384
c984ac35-006e-4301-9b4c-99b0f133694a,12691,13317,-626,False,3,1445,1883,-438
c987ea49-2aa6-4526-b901-3860b03fb201,12348,12400,-52,False,8,1395,871,524
c987ff17-ccda-4c0e-8552-32334710dfc9,13638,14004,-366,False,4,1541,1583,-42
c993c522-f867-4180-837e-1a8b18527033,13463,13798,-335,False,2,1712,1513,199
c9a8802d-e228-46e0-9a65-df605e352720,12865,12223,642,True,5,1428,1351,77
c9bcffec-c2c5-4b15-b860-a4e5c0880057,12731,13822,-1091,False,2,977,2105,-1128
c9bda42f-e7c8-4362-bcd4-a64c6c7db985,13068,13536,-468,False,4,1595,1608,-13
c9d802be-099e-4c15-b9e4-fb96e27cb58d,13471,13672,-201,False,0,1873,1608,265
c9e682d5-207f-44ef-b4ae-6b83b99f1b32,14019,12128,1891,True,6,2091,1223,868
c9f850b6-94f1-4552-9dc6-0ea909dc3319,13409,15108,-1699,False,0,1525,1633,-108
ca00642f-7a3e-4515-858b-63191e8a5230,12605,12238,367,True,10,1075,1407,-332
ca039fd9-8fd6-4ccb-9f9b-785a78c90371,13358,13587,-229,False,7,1377,2219,-842
ca069bfc-ea43-43d1-b44c-7a5158de6d50,12622,13620,-998,False,2,1481,1123,358
ca081df4-a06e-48da-856f-74dc886c20b0,13411,13796,-385,False,1,1515,1480,35
ca0842f7-363d-4120-a482-84fabed72af5,12789,13415,-626,False,2,1471,1544,-73
ca150d11-ab1f-4058-bc3e-5ffa4b1d4efe,15028,11598,3430,True,8,2712,961,1751
ca1eb741-2cad-4a53-85c6-a2eba4be126b,13983,12369,1614,True,7,1477,1021,456
ca2f0fe2-f81d-45a7-a3fe-a61d1f9ce718,14097,13158,939,True,8,1427,1410,17
ca322318-a0d4-429c-8888-b8ce70bd20fe,13009,13767,-758,False,1,1376,1712,-336
ca419270-aec1-4883-9fe1-24b3e15e8e29,15246,13282,1964,True,8,2940,2018,922
ca47a318-3ff3-43ca-a79f-639d502f7007,11332,12560,-1228,False,1,1279,1232,47
ca4d653c-cbb0-4bc5-99e7-e7ea846397d2,13623,13700,-77,False,4,1691,1156,535
ca58b745-2ab0-4090-ad49-d111a7770041,14166,13167,999,True,8,1262,1273,-11
ca6503fd-2a19-4899-9eb5-c0ba4707bf00,14486,12757,1729,True,7,1484,1170,314
ca673791-2ff0-4ed4-a028-27f27973cab0,13406,12990,416,True,6,1380,1534,-154
ca710765-2b4e-4eb3-8250-650da97e3c73,12006,11179,827,True,6,1477,1383,94
ca729c86-8674-4fd7-93c3-e6f15c7f1883,15318,12230,3088,True,8,2014,1597,417
ca7eb331-54f5-49a6-a29d-670abecb46c2,13930,12924,1006,True,8,1731,1192,539
ca80b5ae-d464-4f17-b3c0-533d6d8be511,12622,13229,-607,False,1,1482,1470,12
ca8fda15-2039-4141-8c4f-61421ed1ea89,15062,12639,2423,True,7,1948,1478,470
ca95cb64-6e27-4053-a11c-af9457c56f6c,13202,12622,580,True,3,1468,1095,373
ca96c2d1-8516-40d2-9e00-79e8258d6652,12134,13614,-1480,False,1,1369,1866,-497
caa51d8d-3b39-434e-821a-e2c9769051de,13651,13049,602,True,6,1309,1817,-508
caa8c185-9529-4c18-b869-91d22a1dbb19,13570,12639,931,True,9,2065,1329,736
caac4e01-6e72-420d-949c-e26b75780a2d,11713,13268,-1555,False,1,1345,1423,-78
cab33ccd-91a2-416a-a398-d2d36d0b066d,13950,13439,511,True,4,1591,1197,394
cac2191b-0924-4c0b-903b-120b3eb152c9,12808,14131,-1323,False,0,1219,1837,-618
cac295fb-0c5b-4dfa-adbf-95a7d5e3c4ec,11995,11308,687,True,5,1082,1152,-70
cac637af-94a0-42f3-a434-b785cfbd1dc8,14193,14607,-414,False,1,1781,1747,34
cad2459f-3d65-4806-b1c0-60e3b5894a7d,12561,12641,-80,False,0,1448,1371,77
cad48c42-5dd5-4286-9bbe-2007013bd17a,12374,11461,913,True,7,1301,1646,-345
cad868e7-a030-4059-ae07-255fd007050e,13010,13376,-366,False,1,1578,1745,-167
cadb112d-c50e-4dd1-95f5-49d60a21f940,13960,13593,367,True,3,1714,888,826
cadfc210-1d7a-4abb-a85b-04d69d638d0b,12707,12664,43,True,4,1362,1754,-392
caee9972-f12d-4971-aae8-b6c66d23e518,13314,13151,163,True,4,1714,1537,177
cafa67c0-0741-456f-aa57-811bc5f7d28a,11398,12298,-900,False,1,1169,1189,-20
cb04cfdc-b298-4bcc-bad0-f9151a843c98,13606,13062,544,True,4,1338,1750,-412
cb0b3e6b-e59d-456c-837f-3d9d07be6591,15121,15524,-403,False,3,1741,2179,-438
cb1c43b2-8886-48fe-9519-b842a7f5eb4b,12165,13123,-958,False,1,1539,1720,-181
cb1ed30d-9232-4324-8c46-619293357822,13384,14587,-1203,False,0,1699,1584,115
cb4df8c3-580d-4d1f-b44e-de5bb55bc094,12857,13051,-194,False,1,1793,1890,-97
cb5cd154-d307-41d9-ba4e-537041bef813,11835,13002,-1167,False,1,1555,1896,-341
cb5dd8de-d447-4b73-821b-28e7ac9746cb,14450,11695,2755,True,8,1828,1284,544
cb6033d3-4cab-4d10-b159-f5f43f1868d3,11500,12790,-1290,False,1,1311,1287,24
cb77ff3a-76e7-455d-a295-4f21b32a35de,14588,13358,1230,True,8,1820,1408,412
cb7bd896-4c4c-4bde-95d6-cd787ba6d9f6,13913,12566,1347,True,7,1383,1466,-83
cb7ec22c-9f62-4eb6-8bca-9b01109e3708,12071,11783,288,True,8,1313,1310,3
cb7f353a-5aac-4869-a184-cc5e5f341b8e,14410,12595,1815,True,6,1592,1214,378
cb851e25-c0ee-4ebc-b26e-2d5ef83ecaa6,14450,13282,1168,True,8,1806,1335,471
cb8a1e5b-0345-476e-836a-ac9c401dab0e,13731,13632,99,True,5,1834,1482,352
cb96a9dd-4aba-43d2-bc0c-740a16e77a61,13858,12580,1278,True,8,1647,1506,141
cba17ff7-ef24-4245-9554-06be8fa179c2,13848,12467,1381,True,5,2498,1261,1237
cba3b07b-3a8c-4d6a-9b12-0b1b14495218,12097,11930,167,True,8,1197,1239,-42
cba60f3f-c5c2-4290-88ec-c23c3777d5c8,13474,12949,525,True,7,1537,1433,104
cbce6f1d-42ba-410c-bb93-c00d4ce79642,13119,12514,605,True,6,1461,1721,-260
cbd6a7ba-5fde-46aa-8e30-60f4919ac54c,13791,13552,239,True,7,1671,1458,213
cbe351ff-e371-463e-a103-a2ff2c1e6ac2,13623,13157,466,True,7,1631,1599,32
cbe3951d-1528-452e-8279-360e40b1cb02,13589,13213,376,True,5,1540,1563,-23
cbe60419-97e1-4f17-8ffa-2760ef9dca96,12990,13702,-712,False,4,1518,1658,-140
cbe6238b-faa7-4cb6-a4c9-a105fabd1041,13782,12614,1168,True,3,1387,1242,145
cbe91da5-9e24-443a-85bf-a0d88554d419,11574,11836,-262,False,1,1360,1308,52
cbec09fa-d86d-41f3-9415-8f74c01d4d77,13539,13340,199,True,6,1696,1242,454
cbf8944b-22bb-49cc-b49d-bf8eb2332d12,12307,12315,-8,False,3,1360,1206,154
cbf8d6c6-7411-4284-860a-63dfbfb158f8,12939,12335,604,True,7,1467,1076,391
cbfff340-5bd3-4747-99c6-6f72231971fd,13885,12904,981,True,4,1417,1167,250
cc06243f-10a2-4531-b8b6-3c7c47443964,13697,12207,1490,True,8,1508,1263,245
cc16a59a-a084-4a07-853c-76cda1931c79,13302,13459,-157,False,5,1467,1454,13
cc1a6ddf-824e-4063-bccc-18af0e827bf3,12671,13065,-394,False,0,1493,1120,373
cc29845e-bd4d-4fb2-9582-5cf741979744,13390,12654,736,True,5,1638,1392,246
cc33836b-cf44-45a4-bd47-c06a350b88ee,12050,13117,-1067,False,1,1597,1326,271
cc4e6690-09d4-46c8-85f4-70c0a11856a2,12797,13255,-458,False,1,1375,1302,73
cc614815-d683-4361-bc41-ad25666b5a90,12545,14553,-2008,False,3,1018,3004,-1986
cc7decff-511f-42f0-9bfb-45c546a9d612,12551,14435,-1884,False,2,1385,1760,-375
cc7df7a5-b44e-49db-9224-b94e422df700,13546,12753,793,True,8,1373,1062,311
cc7f93a3-bab3-4b9f-8228-a7585e00de61,12922,12782,140,True,3,1868,1451,417
cc8d6f6f-6267-4a44-8d59-7864b48749a5,11604,11681,-77,False,2,1170,1095,75
cc8e4ed5-2800-4e7c-b568-e42a13cdc010,15542,12331,3211,True,7,2278,1180,1098
cc92c35d-7faa-4011-bd66-7811d3615cfd,14321,13552,769,True,2,2254,1164,1090
cce244d6-87a1-4f07-87d1-9e2627f23705,14339,13968,371,True,4,2176,1594,582
cce9dea7-30d7-419b-ab66-90b8103618d8,14279,13903,376,True,8,2209,2292,-83
ccf296bc-d9e5-451e-981e-d6a472f2ee27,13329,13662,-333,False,2,1649,1488,161
ccf29f58-c96a-4b3c-8606-8ee5b08dbfa1,13030,14010,-980,False,5,1526,1832,-306
ccf90b91-3781-4e34-b858-9a17db2f160a,12114,12946,-832,False,3,1401,1763,-362
cd09eae0-8701-4352-8889-2131092694ba,13208,12324,884,True,8,1605,1237,368
cd0a09de-127a-41f2-9226-8bb5cef587cb,13315,13551,-236,False,6,1039,1620,-581
cd0b8adf-8dd7-4344-8517-94fe19bd4938,12249,12392,-143,False,1,1285,1161,124
cd13a401-5e41-43d5-a837-cc5590a5bccf,13370,13042,328,True,4,1564,1481,83
cd1c14e6-5fa8-41a9-a812-f26706270b52,13033,12823,210,True,3,1615,1257,358
cd1e1054-09a6-4785-8e99-6a247610bc0d,12665,12334,331,True,6,1483,1464,19
cd1f7ee1-c5ee-489b-aa42-594af7acbb16,13268,13834,-566,False,0,1607,1614,-7
cd206c52-4ca6-4585-b15a-689dd791950a,12695,13646,-951,False,0,1233,1358,-125
cd2cc801-377e-4847-b6d8-4e4b48bbd15b,14046,14057,-11,False,3,1322,1680,-358
cd35cebe-058f-4e16-a34c-0ed3ade9e0ea,13021,14702,-1681,False,0,1514,1507,7
cd38e93a-8e11-46c4-af74-56b32551d984,11983,13689,-1706,False,3,1553,1689,-136
cd454fa7-54db-4fbb-a6e2-adcfdbf93c56,13670,12617,1053,True,6,1509,1210,299
cd48f760-d64f-4db2-aec5-7ba0e7a5e8d5,14691,12857,1834,True,8,1530,1627,-97
cd4a9b44-4671-4439-934a-f3418f46bbeb,13388,14342,-954,False,5,1462,1748,-286
cd515652-25d4-4fcd-a9ec-ca1c615fee3d,15390,12794,2596,True,8,2481,1189,1292
cd542c08-bd4a-4d1e-96d8-2c08c38fcd71,14344,13377,967,True,7,1588,1482,106
cd5c3560-32ee-4959-9225-81c7ec142921,14467,12811,1656,True,8,1546,1166,380
cd5e0e48-7d78-4867-9875-2f1990e789fe,11692,12784,-1092,False,1,1456,1635,-179
cd625702-c32b-4c8d-8a67-253cc714f844,12212,11889,323,True,6,1440,1297,143
cd72562c-dae5-48d3-954d-f62c4b48fcea,12802,12880,-78,False,5,1274,1276,-2
cd736c3c-b240-4d04-8303-1806dffa72db,13588,11005,2583,True,8,2286,1036,1250
cd74cefa-a41d-4d15-8cb1-d85b10cb6fd5,13435,13357,78,True,3,1436,1622,-186
cd78ec8c-94d1-4b06-a493-5a248bb97bb7,12794,13712,-918,False,2,1758,1519,239
cd81c13b-a34d-44c2-a11b-cfe8f634be13,13452,12786,666,True,5,1402,1558,-156
cd8787e3-e815-4337-a172-0122002528e6,12239,13665,-1426,False,1,1491,1372,119
cd8a2f01-9c79-4beb-92f9-545acfc21aef,12247,11937,310,True,7,1255,1147,108
cd8db476-235d-4eb4-9ca8-567b2580813a,11991,11923,68,True,4,1400,1467,-67
cd96b027-8670-4e20-90e7-4bb62afb84b4,10875,10584,291,True,6,1284,1009,275
cd98ccb7-fa85-4f6a-82f1-09acf4d435b2,12349,14971,-2622,False,1,1491,1476,15
cdaa3e68-8edb-46da-a7b8-9a899045d519,13024,13296,-272,False,2,1603,1863,-260
cdaf75fb-e757-40a5-b42f-c8d4b5156d20,13697,13836,-139,False,5,1870,1613,257
cdb9c62b-1af5-42ad-a030-e27ec7f1455c,13029,13588,-559,False,2,1624,1379,245
cdcf5d10-aec9-4680-b425-54e339987f47,14345,12635,1710,True,7,1532,1359,173
cdd79bc4-a4e4-4860-b2f8-997bf6cd8ca7,12918,12876,42,True,7,1335,1501,-166
cddd2b47-8c64-429f-8938-6955af47b126,13663,13425,238,True,8,1101,1389,-288
cde3ed2a-754c-4125-8695-ab334884cf4f,12735,13467,-732,False,1,1409,1515,-106
cde56017-17f5-4282-8ce6-fe8eb648bcf9,14123,13806,317,True,4,1303,1513,-210
cdec2e12-cc8d-4fb1-9b2d-a61d195069ac,13887,14438,-551,False,1,1489,1438,51
cdf29457-8ec3-453e-b49b-ebf3f9f916e9,12975,13342,-367,False,1,1315,1663,-348
ce0f899d-e93d-41ff-9de5-2e3e73d42e54,14483,14390,93,True,3,2276,1403,873
ce121d2f-0752-4b58-81da-3f4e62acb4dd,13432,11844,1588,True,8,1377,1518,-141
ce12821c-70fe-4bab-9120-b879b6f6bb47,13308,13156,152,True,1,1625,1173,452
ce17fd9c-b13f-4231-9bcd-143761255782,11900,11851,49,True,4,1241,1313,-72
ce338400-5472-4958-931c-faca1c173120,14186,13989,197,True,7,2103,1366,737
ce3b0fd5-0aed-4ded-945c-ba55fa1e20b5,12782,14466,-1684,False,1,1486,1866,-380
ce497c53-80b6-451b-bcb1-f7fded45d734,11801,12574,-773,False,2,1424,1326,98
ce50fe7f-eda8-43f6-b3eb-6b4793a7a51e,12304,14081,-1777,False,0,1875,1669,206
ce6b80b7-eb0a-478c-8107-43d9778523c1,13151,12859,292,True,8,1397,1330,67
ce6c7737-81ac-40fb-bf04-89a16ab75391,12722,13102,-380,False,6,1444,1881,-437
ce6cf1bb-f9fe-4e49-b307-e11bfacdb8a4,15839,13627,2212,True,6,1459,1613,-154
ce6f9af8-27f7-4e21-acd1-3d27ef85c86a,12036,12617,-581,False,0,1553,1227,326
ce7f2bf2-e7ac-4794-9cd5-8ed3d93b021b,12306,12626,-320,False,7,1261,1199,62
ce8159ad-e687-4373-b5fe-20ac00dad945,12934,13685,-751,False,1,1463,1594,-131
ce81944f-3d2c-4538-8b4f-dbf04fdbe135,13109,12739,370,True,3,1628,1094,534
ce8ae80e-ed0f-40f8-b363-6cb6a67fa9b9,12859,11942,917,True,5,1848,1264,584
ce96e8e9-7937-4c32-a409-53f6f5866a3b,14263,12357,1906,True,6,2314,1358,956
cea6cf7b-0248-462a-b692-0a8566a6e0ed,12328,12198,130,True,6,1149,1455,-306
cea92855-0efe-48de-b670-a5a6cb227e2f,13376,12793,583,True,3,1408,1340,68
ceaf589c-ba5f-429c-8436-141e53135a6a,12391,12828,-437,False,0,1412,1346,66
ceb58a35-dc7c-4df9-99a3-e75322fec031,13786,14158,-372,False,3,1533,1244,289
ced06e87-dfc8-45fb-9505-f8fbc7bd5f19,13596,12793,803,True,6,1574,1496,78
cee85337-f2d9-43d2-ac7e-2effd7341a9a,12885,14094,-1209,False,4,960,2698,-1738
cf019935-0918-43b8-bd64-a9e18fe2e07d,13188,14097,-909,False,2,1413,2080,-667
cf0c2de4-4f29-4563-8bde-da796264fe8b,13885,14184,-299,False,5,1709,2296,-587
cf26683e-e7ac-4fb1-8d56-d0a4a66d8565,12660,12740,-80,False,6,1522,1728,-206
cf34eb91-3c30-4b0b-9825-bed0f4b23206,12903,13444,-541,False,2,1644,1468,176
cf420a38-51d6-46c2-a417-3298f97044dd,13290,12129,1161,True,9,1409,1689,-280
cf49d6e6-7ef3-4330-be05-cdd63f8ef55d,14065,14433,-368,False,2,1694,1528,166
cf5d5b40-32d1-4ebb-97a6-ba8c6ac55fa8,13108,12310,798,True,8,1501,1247,254
cf649ccd-71e9-4642-b7e0-5b5532115d20,14293,13270,1023,True,4,1838,1538,300
cf658e54-016f-4482-b674-531c63896573,12533,13111,-578,False,5,1091,1857,-766
cf6f1ac8-ef15-48d5-9681-873eaa98eb72,14221,12380,1841,True,8,1627,1274,353
cf86e552-2f19-4f77-b9ed-b1721d5b4b77,13247,12682,565,True,3,1603,1273,330
cf879670-a01b-4192-ad3b-93ee43a384ae,13728,13117,611,True,2,2364,1085,1279
cf87eee4-a868-4305-a1a0-f01dd36c3632,11658,12566,-908,False,0,1392,1379,13
cf94867a-e6da-4bc1-8ab1-8148a8c54990,12522,13474,-952,False,1,1487,1743,-256
cf9660a0-f353-41ec-babb-f4061aa1d79b,12843,13754,-911,False,3,1454,1895,-441
cf969ed6-22cb-490e-8e73-bb5fa3fa6b10,13761,12792,969,True,7,1446,1255,191
cf988157-077a-4631-9451-191697ea51e4,15849,11317,4532,True,8,2220,1068,1152
cfa5778e-0262-474d-a917-ac1c3d6221d0,12358,14760,-2402,False,0,1305,1504,-199
cfba6555-5f58-449b-9b38-84971e48cdd5,14225,13231,994,True,6,1927,1513,414
cfc5e473-f097-474d-8853-5527ae319f67,13910,14326,-416,False,6,1264,1459,-195
cfc619df-ed18-4a01-b30c-3ece6af6071b,14750,13524,1226,True,7,1835,1736,99
cfccda8f-9991-4f8e-968d-717f86d842ff,13567,14073,-506,False,3,1393,2221,-828
cfe2467d-af3c-4cc0-981e-cbb046711ec1,12844,14126,-1282,False,4,1326,2268,-942
cff071df-464c-48c9-b2d3-f4408f8c660a,12315,15858,-3543,False,1,1424,2879,-1455
cff0c9cd-d41c-4df8-9b75-21ce89c10f58,13148,13494,-346,False,3,1314,1584,-270
cff23277-b11a-435c-be83-3b0dd0fdece3,15097,14861,236,True,7,1509,1485,24
d003f854-d0d5-438d-b855-4803ffb7896c,13610,13070,540,True,8,1613,1270,343
d004378e-74ee-416e-9bac-3dab724d2b0e,13783,12049,1734,True,8,1748,1447,301
d006b8c3-2ad4-441d-817f-1c678e630f7b,14028,12783,1245,True,6,2461,928,1533
d02122ce-3420-40a7-a2d1-dc43b0e67a89,14501,13484,1017,True,2,2128,1482,646
d024923f-dfc0-4faf-9ff5-ca521daa11c9,13562,13533,29,True,4,1652,1794,-142
d02561c7-444f-42fd-96a6-2b3261b598a6,14009,14090,-81,False,3,1489,1586,-97
d02fa425-1cdb-45c9-88e9-6b3cfca384fa,14052,13545,507,True,7,1788,1896,-108
d0512499-8cb6-4cba-a090-b002a31cdbd1,13825,14260,-435,False,2,2324,2169,155
d05c8aa7-1634-4915-8ac9-8cf6bc96d2d3,12561,13027,-466,False,2,1437,1343,94
d0639cb4-f549-4044-ae02-19476d93aa00,14233,12896,1337,True,7,1514,1461,53
d06d030f-c477-4930-b019-7ef38833d5c8,13204,13719,-515,False,5,1537,2289,-752
d06f877d-dcba-4e6d-8f7f-3a834fcccde7,13151,13380,-229,False,4,1340,1688,-348
d0719f17-1aeb-4343-97ce-e58364f3a38a,11752,12080,-328,False,3,1519,1475,44
d076fd26-1684-444e-8419-9d5dc1b225e6,12923,11913,1010,True,8,1515,1518,-3
d079a302-e218-495c-ae95-15b2f2150d0e,14068,12802,1266,True,5,1908,1332,576
d07d4c1e-0414-4a64-a64c-24d68864feb6,13560,13020,540,True,6,1499,1427,72
d088c5e6-aa77-477e-b08a-a16bcdd71d4e,13676,13814,-138,False,4,1399,1541,-142
d08feef5-10cd-46ed-a51b-a2df3720a11a,11700,14063,-2363,False,0,1504,1125,379
d0ab8809-f5a0-47ca-a65e-3817ee63eecc,12737,14368,-1631,False,2,1418,1954,-536
d0accf3e-cc93-40ee-80f7-15a653f272fb,13545,12506,1039,True,8,1755,1396,359
d0b244f7-96bd-4e15-b41e-65c99b126770,12968,13460,-492,False,0,1462,1383,79
d0b6f4da-7c86-40d8-b71a-7a73835764d5,13165,14102,-937,False,1,1383,1887,-504
d0bed3b9-45ff-4d51-88be-059d2c18c96c,14153,12432,1721,True,7,1548,1412,136
d0c6d337-6151-4092-a27a-6ba1d14f1a65,12120,12521,-401,False,3,1353,1230,123
d0c94bf8-64b8-4f31-8541-ec500d2843af,12202,12540,-338,False,1,1293,1477,-184
d0d6d3ea-c7d3-4c9b-bba5-a6c6126d3a64,12177,11745,432,True,5,1400,1088,312
d0e9425f-a72f-43d3-b696-a71f8f495ef7,12992,13635,-643,False,3,1171,1366,-195
d0f8bcf5-c44e-43de-a8c4-fe822f4950bc,12639,11641,998,True,7,1107,1625,-518
d1028879-c17d-43c4-af7a-d4eedd46b98c,11155,12474,-1319,False,0,1355,1385,-30
d10858a7-5b02-476c-beeb-bb3c48aca674,12396,13555,-1159,False,1,1524,1117,407
d10d70eb-6c6b-4717-a38c-e2453bb38bdd,12457,12128,329,True,7,1465,1609,-144
d113f667-a120-48ea-a839-968022be2ba2,14003,13297,706,True,6,1368,1540,-172
d11417d2-3c53-4dfd-a192-331291372335,13625,13792,-167,False,3,1668,1532,136
d11648e4-2122-4621-b61a-07243881e9da,11780,12791,-1011,False,1,1091,1314,-223
d122e6f3-ee83-4ef1-a10d-980c446921e0,13337,12737,600,True,7,980,1370,-390
d1264446-5de8-4fd5-a2af-d726c6a79731,13641,13714,-73,False,3,1316,1773,-457
d13e5d04-80f0-498c-af2a-34d07056ead4,14052,13475,577,True,6,1748,1750,-2
d14ac017-b018-48a0-bda9-df087945a143,12537,12886,-349,False,6,1434,1257,177
d15b800e-f4e2-4ed8-a3a7-e3b2ca4303be,12795,13061,-266,False,3,1499,1422,77
d16052dd-ce73-482e-accd-9edf27f46c37,13724,12913,811,True,7,1805,1247,558
d179ab3c-e276-4c3d-83ad-fcf2de877e4a,12765,13034,-269,False,1,1511,1338,173
d181c723-80bc-48d7-bf98-d32bfffe3dd5,12881,12712,169,True,7,1436,1710,-274
d1823960-73e0-41a5-9838-a09574e6b716,12448,11832,616,True,7,1252,1454,-202
d18f45ee-26de-40dc-b808-d713d6f4e819,12600,13056,-456,False,4,1309,1387,-78
d1ad2ab7-e18f-44c2-a82b-421f36e84ba3,12117,14697,-2580,False,1,929,2503,-1574
d1b4a7aa-de04-4e6f-b3b0-34a4ab2935e4,14322,12642,1680,True,8,1831,1238,593
d1b4ecf2-93e9-4c2e-a45c-bc8399e1554e,13986,13592,394,True,4,2338,1759,579
d1da6a2f-5ada-4a30-979a-cad4a1dbd6ac,14225,12528,1697,True,7,1584,1697,-113
d1e22c41-d73b-409a-8d75-8c02059adcdd,14584,13932,652,True,7,1657,1535,122
d1e2ee02-abeb-4329-9eca-dcd8faca69b4,13330,13425,-95,False,2,1535,1698,-163
d1e67677-f4e0-4174-a199-8e78455540e7,13860,13404,456,True,5,1725,1843,-118
d2063c1e-4ad9-4567-ad2e-e9f389da1be6,11439,13009,-1570,False,1,1197,1276,-79
d2077994-6e3d-40d2-8998-f9c7b00c917d,12942,13653,-711,False,1,1562,1536,26
d20f6652-80f0-469e-b0cb-198ef8e8637b,12948,13871,-923,False,0,1248,1620,-372
d2131be3-4a83-4385-bc85-8a654a5d6fe0,13095,14397,-1302,False,2,1394,1457,-63
d22b51f8-f0b4-488a-9ab9-42f09cad929a,12547,13110,-563,False,1,1694,1261,433
d22e8c70-4e2e-4052-81c3-0d9e33cde8b6,14058,13322,736,True,8,2208,2443,-235
d2316a4f-fb81-4bab-822d-bd4474a5f1d3,13822,13544,278,True,8,1384,1482,-98
d231b7a6-57c0-456d-8d6e-adb72e5f19de,13233,13098,135,True,6,1482,1560,-78
d259cfe0-13d1-4bb8-9c2f-a261ca6636f2,11804,12146,-342,False,0,1625,1454,171
d265047e-c5ed-4e3e-882a-7923aa9a0ac4,14337,12811,1526,True,7,1497,1529,-32
d26d7890-7a8c-4651-99d9-55d2ce8cf8e8,14483,13849,634,True,4,2111,1446,665
d2877e5c-bb8f-4696-a8af-553bba974469,12459,12672,-213,False,3,1441,1370,71
d292ad21-cc0a-4624-95a3-703fa9d33dbf,13468,13504,-36,False,2,1577,1423,154
d29d77b6-44c7-40f2-9192-f5be203fb53b,14513,13479,1034,True,8,1404,1380,24
d2a872b3-49ed-4fcb-9596-0c345cc1bf2c,12749,11508,1241,True,7,1068,1141,-73
d2b01968-731f-4d1a-912f-afd9801f80c6,13104,13775,-671,False,1,1491,1677,-186
d2b6deea-9346-4b2d-a9f7-540c718cd826,12631,12122,509,True,3,1183,1372,-189
d2c07fc9-7980-4453-8e65-cf0d8375bfc7,12596,13383,-787,False,5,1134,2194,-1060
d2dc865e-00a7-4a25-b554-24e62edb3119,13585,13522,63,True,6,1333,1540,-207
d2df773b-476f-4e06-922e-591bc0fefe40,13245,13338,-93,False,5,1550,1445,105
d2e5631f-8323-45c7-b4be-316f681ac7d2,15184,13372,1812,True,7,894,1953,-1059
d303dac0-dd74-4150-990e-478fa6534674,14350,13624,726,True,8,1734,1427,307
d30d5387-cc8c-4e0d-8653-15077eeb028d,12021,12275,-254,False,1,2261,1206,1055
d30f95b7-0911-4ae9-8ac0-39a20ffbfde9,12187,12690,-503,False,1,1212,1656,-444
d310fc76-bb34-4012-80f6-d334d2112d83,12970,14340,-1370,False,0,1132,1927,-795
d316696f-9c5c-473b-934c-40797bebffa1,14455,13661,794,True,8,1857,1532,325
d31d0dad-0238-45e4-b023-296ab4c00e5d,14163,13607,556,True,4,1995,1316,679
d3200a8e-49e1-4f3a-9582-46e277ce6a71,12249,12298,-49,False,2,1228,1360,-132
d3202545-28f3-40a0-b35f-7d97bd52a55c,13288,13040,248,True,5,1462,1516,-54
d33af0f8-8ba6-4714-bed6-8f4761a06179,14595,13103,1492,True,9,1805,1618,187
d33eac75-de0b-4f30-94bc-75f609683b6d,13040,11153,1887,True,8,2023,1036,987
d33f1fba-d9d1-4307-9277-b4a044b673bf,13801,12867,934,True,8,1534,1402,132
d34d9bbd-d8e3-4a4c-b6a8-cd0a660ef70f,13859,14013,-154,False,5,1094,1564,-470
d34fb5fc-3e9a-4fc3-9d73-d554bce0a923,12642,13117,-475,False,3,1329,1668,-339
d34ff842-2977-4a3a-ad99-2139cb680740,13415,13253,162,True,7,1606,1484,122
d35e4740-c5df-425f-a49b-017dda937c4d,13111,14054,-943,False,3,1359,2084,-725
d36135df-f57d-4946-aa39-69bf404b7887,14345,12870,1475,True,9,2113,1460,653
d36bff80-2140-4cd1-a99b-215111822aa3,13069,13707,-638,False,3,1529,1518,11
d36f8fc9-7d13-4b18-8abb-6c39172279a8,12325,12417,-92,False,1,1421,1250,171
d372dfcc-d6cb-4783-9379-7bd959c4398b,12059,13032,-973,False,1,1234,1646,-412
d37a8db2-32c4-4d2e-8396-f68512f8dba3,14923,13241,1682,True,6,1205,1464,-259
d37e09d8-b439-4b42-9982-3865e5477059,11268,11514,-246,False,1,1415,1215,200
d380eb17-de14-4dc4-ab05-30765bc4b92e,13100,13046,54,True,6,1464,1490,-26
d399ec61-5f6c-48a2-9c0f-e564ca66d5fd,12931,13661,-730,False,2,1349,1577,-228
d3ac8768-f117-47cc-825b-ee3f0ff5ead2,14457,13504,953,True,5,1678,1550,128
d3acae1f-b6ee-4801-9df6-7ef44d8b28aa,16369,11953,4416,True,8,3057,1416,1641
d3b0010a-54ed-45c2-83c2-2da92d4c3602,13874,14073,-199,False,6,1406,1828,-422
d3c46e08-f0d8-4252-bf18-978e44098200,14999,12762,2237,True,8,1574,1593,-19
d3c5a83c-f95a-4e9e-8d73-3bb2580b4833,14547,11801,2746,True,6,2153,1144,1009
d3cae4b6-3c38-461c-8569-9da2e1c9f99a,11971,11689,282,True,3,1230,1161,69
d3d6e842-d3c2-4922-b204-47f60bb63b1e,12053,12004,49,True,5,1038,1273,-235
d3d7382c-44ca-4765-9853-393eb68752df,12843,13178,-335,False,0,1293,1584,-291
d3f4317a-7256-4be4-b3d0-7cb23c800da5,12287,11846,441,True,5,1418,1216,202
d4004713-0004-4fbf-8fcb-0ed541ed7c9c,12537,13869,-1332,False,1,1248,1424,-176
d400d519-0c98-47f7-bd1e-f7a4dde4a47c,12888,13841,-953,False,0,1507,1480,27
d40be72d-ccee-4991-a850-880f1cf85e4e,13008,12847,161,True,8,1472,1750,-278
d411ef14-f12b-491a-a311-b0d90bb58ad7,13157,12915,242,True,4,1682,1345,337
d416e353-0df3-4b60-b6a9-2cd7c9b2b7fe,13826,12620,1206,True,9,1534,1290,244
d42e274c-89e0-4b30-89c5-af453f8d0eff,11915,13039,-1124,False,1,1272,1545,-273
d43327c8-c2cf-44f3-b7c4-db04df7375b0,16356,13918,2438,True,5,3176,1382,1794
d438d381-2f89-4701-9154-19ccd196a4d4,12770,12958,-188,False,1,1373,1626,-253
d44a2653-62f1-4a87-94a6-b07ce3269233,12648,13661,-1013,False,0,1353,1429,-76
d44a663d-a945-4129-aae5-a488123b46ec,13060,13855,-795,False,3,1091,1752,-661
d44b91b9-0c7b-4d35-aa8b-38e6688d2708,13130,12651,479,True,8,1520,1204,316
d44d0a5a-12ab-48b7-88b1-cf4c8cb21251,13462,12823,639,True,7,1447,1465,-18
d452f0db-4bdc-46f8-923d-3863b285074a,14082,13244,838,True,7,1546,2238,-692
d45b0861-b43a-4eb5-bf98-85d1b1cb0ccb,12992,12976,16,True,2,1614,1429,185
d469ba1d-58f9-4b1d-9f98-1b5ffcfe9db5,13173,13280,-107,False,7,1293,1662,-369
d46e0f99-1e6f-4c74-8662-6be984f56b16,13601,14037,-436,False,3,1441,1471,-30
d4788966-e7d6-4380-bdd3-34a9476a8129,13467,12763,704,True,4,1528,1435,93
d488e243-356d-4edd-b44c-a56fbdc391f5,12814,14171,-1357,False,0,1423,1588,-165
d48bd49a-8dcb-4a84-9b6c-4555938cbbd7,13151,12758,393,True,6,1374,1629,-255
d493363f-c738-492c-9a70-f7179d2aaf09,13160,13052,108,True,7,1335,1405,-70
d495607e-339d-4447-97c5-eac104ecc5b4,14215,12737,1478,True,6,1732,1353,379
d4991f33-2667-4915-a2a9-9cd3009ec666,14622,13471,1151,True,6,1339,1344,-5
d49f45a4-c7c8-47d5-acaf-f5a0d4558e49,12805,13513,-708,False,3,2165,2187,-22
d4a05013-1404-4f59-b124-6051939f8f48,13827,14038,-211,False,7,1383,1712,-329
d4a385fb-a536-4c0a-9946-4310e5405da8,13044,12746,298,True,3,1608,1323,285
d4a855a1-a88d-46c4-9276-edcec00d57ef,13354,13252,102,True,2,1880,1573,307
d4ae419d-0c50-40cb-8248-ff226883638c,12978,13722,-744,False,3,1343,1488,-145
d4b547a6-ad3c-429f-86ea-5d2517c58d92,11110,11941,-831,False,0,1361,1183,178
d4b6ef92-3122-46f4-abfb-43c9ec9ddf54,11164,14264,-3100,False,0,1257,1350,-93
d4b923a7-3c64-4425-939e-6c77d9652f6e,14246,12578,1668,True,7,2243,1140,1103
d4b93ba8-7701-44b9-ba3f-9f32cc2ea8eb,12771,13231,-460,False,4,1483,1798,-315
d4bfd980-2c24-4371-9038-3f0d2164abd9,16368,14081,2287,True,6,2429,1454,975
d4cbda99-c7d7-493b-b519-ae590106588d,12818,12630,188,True,6,1520,1340,180
d4e4d7fe-dc4d-43e8-b8c4-e6be90b773cc,13534,13359,175,True,5,1715,1448,267
d4e5a4e6-dd92-402f-84c0-bf116af8ee26,11183,12419,-1236,False,1,1346,1361,-15
d4ed9d30-dd19-440d-acf7-d93d3fbf3ff6,13564,13654,-90,False,4,1162,1532,-370
d4f0797a-ee82-4b43-b005-59e164d4c12e,11675,11795,-120,False,3,1205,1474,-269
d500fa78-2aeb-4948-82b2-73f3bcd8d92e,13050,13634,-584,False,5,1379,1977,-598
d5059641-0914-4843-bdb5-fd64e50a12ed,13402,12895,507,True,6,1670,1564,106
d505a8be-a12d-4f8c-9604-5e9900c031f3,12527,15172,-2645,False,1,1516,2199,-683
d51a670d-3518-40f6-a6e4-6a507a9d5523,10903,11486,-583,False,1,1064,1388,-324
d5287241-9e27-4265-8d57-fcc8b09f0056,12881,13184,-303,False,3,1500,1384,116
d5386676-568e-4d22-b3ce-6b4fbdc4aee3,12907,12638,269,True,8,1506,1310,196
d54527aa-bad2-4eda-9fdc-8f3c10fd790d,12444,11846,598,True,7,1349,1379,-30
d545cb44-8a52-4bb3-99ea-591af245f6c8,12178,13774,-1596,False,1,1416,1902,-486
d5486548-5e5b-40d7-9b15-be18e9d0308f,15260,12821,2439,True,8,3224,1354,1870
d548b48d-f0a5-4e5b-834d-dad66a462f8d,13417,12823,594,True,4,1268,1331,-63
d54a39df-0cc2-41cd-af53-50a619c3c92a,11309,11142,167,True,1,1460,1147,313
d5521573-ad15-4260-9ad7-9fd1b723de19,12899,12042,857,True,8,1206,1241,-35
d55f0434-a564-4a92-bf65-da8107c2384e,13813,13144,669,True,4,1899,1737,162
d5661399-f25b-4798-8bd5-da8887040638,13964,12809,1155,True,8,1628,1435,193
d567dd69-810f-4387-88b4-c0dd674f2282,12842,14385,-1543,False,3,1539,1688,-149
d57474d0-7258-44ca-a62c-45bbcaf2a232,12084,14382,-2298,False,0,1002,1223,-221
d5760007-c66a-404c-b737-46f205f33054,13295,13749,-454,False,4,2616,891,1725
d57bc10f-9d45-4f96-a7a1-668326473f94,15326,14449,877,True,8,1844,1625,219
d57c7f65-46a6-42cd-a8ab-cd91b94a142f,13704,12933,771,True,6,1595,1449,146
d58a516a-51d2-4c3e-8f2a-77cc6adbc9d1,13759,13706,53,True,6,2030,2073,-43
d5a26e6c-1179-4191-ae1f-d079c067878a,13941,13338,603,True,5,1783,1362,421
d5afc1d4-d106-46d3-b622-92500af0c7b7,12988,13454,-466,False,0,1495,1536,-41
d5b0c1f1-cbca-4b79-a692-088785f75120,12813,12001,812,True,5,1179,1265,-86
d5b7c8a6-d7d0-4c85-bf74-1216771a6ec5,11967,14489,-2522,False,1,1259,2425,-1166
d5ccd32c-ed36-451d-b50f-5adc472a9d2a,13866,13368,498,True,6,2058,1524,534
d5e06f5e-6c73-4e1d-a904-725b76b4e23e,13218,13211,7,True,4,1665,1568,97
d5eed72b-29ae-44f8-9ed7-3bac099a9888,14774,14128,646,True,5,2095,1618,477
d5efa8b3-e93c-4877-876f-ca5322dd047e,13703,12771,932,True,8,1271,1379,-108
d5fd0292-6ad3-4d11-b22b-76bda3b22cce,12686,13980,-1294,False,2,1515,1418,97
d5ff2173-566f-42fa-b803-55697df8cb9e,13005,13086,-81,False,4,1534,1498,36
d60e57f8-4f24-4c53-8102-25baa5f32491,10722,13225,-2503,False,0,1159,1097,62
d612d7a5-3f00-4e8b-8abb-11eb6345a450,13250,13278,-28,False,0,1452,1463,-11
d6139663-dca9-48c7-81de-31a3da1ee0bd,12254,13251,-997,False,2,1398,1546,-148
d61d9e42-45d3-4742-a293-8f9f8529447c,13175,13024,151,True,3,1712,1313,399
d623bd2a-fcb7-4833-a5dc-6b594b32a03a,11928,12098,-170,False,2,1479,1226,253
d62c17ba-173d-47e4-bad1-31fef6751c92,13514,13135,379,True,9,1457,1480,-23
d62ded4c-b012-47a2-8e6c-1bda5650a8f5,13096,13674,-578,False,0,1489,1500,-11
d6301fcb-d9b7-4094-bf40-2d9fb6859ade,15076,13731,1345,True,7,1512,1499,13
d6393adb-0043-4eef-aa27-01977d6b03b4,14333,13063,1270,True,6,1603,1592,11
d63ce122-7933-4892-a8c1-4a254fa1bb05,13036,16391,-3355,False,0,1707,2118,-411
d64e55e1-5eb6-414c-8c20-62a23358aa61,13571,14294,-723,False,1,1735,1656,79
d65c7ca7-b1a0-4f86-91a9-7d91d7a35c5a,14563,14950,-387,False,6,1861,2072,-211
d66ad71d-680d-40d8-a078-e57644d4d1dc,14293,14523,-230,False,3,1745,2225,-480
d66bae1c-6d92-4ff4-b93e-0cec88950aa5,15274,13265,2009,True,9,1045,1399,-354
d66bc021-29c0-4bbb-ac8c-bba5e19906d2,12994,12973,21,True,3,1547,1471,76
d66cf4cd-adef-4795-ac6a-9546db48283e,13273,13110,163,True,7,1409,1433,-24
d66dbf2c-085c-4e2c-9b46-999cbe1de221,13205,11743,1462,True,3,1689,1174,515
d670e4b4-1817-40a4-9d81-5a4c85121838,14970,13145,1825,True,8,2270,1216,1054
d6733199-cf26-4070-bbc3-33e34e1c306f,12689,13883,-1194,False,4,1588,1158,430
d67d1278-744c-417d-8cab-18356eb3ced7,13057,13200,-143,False,0,1580,1300,280
d67e301a-0d94-43ef-b9a6-b8f721bda3a1,12340,13042,-702,False,2,1818,1482,336
d68f4f29-ceab-46e8-a49a-fa05515c9ddd,13596,13065,531,True,8,1672,1684,-12
d69aa50b-cc2f-41f6-a729-666ff2953bec,12860,15129,-2269,False,2,1635,2722,-1087
d6ab9744-c8f5-4f2b-9683-8a3a39ba986a,13107,13829,-722,False,5,1446,1278,168
d6afc73d-6b16-4eb0-bec4-712439159a2c,14470,12540,1930,True,8,1448,1423,25
d6b21110-4a35-4d4a-a629-de8940cf6ea0,15256,15167,89,True,5,1451,1371,80
d6b93eb4-7b67-40c6-8d15-7f05ed4deb0b,12850,12437,413,True,4,1221,1533,-312
d6b9dd2b-92b2-4f90-a4c1-9462998a215d,12590,13315,-725,False,2,1422,1425,-3
d6bbcfb1-91e0-4c16-8ff6-50eeae11d260,13326,13075,251,True,5,1162,1767,-605
d6bea00d-1475-41bd-9079-1cb765517d98,12322,13970,-1648,False,0,1471,1506,-35
d6c342a2-191b-48c5-8a34-a7a1baa8eaa3,11853,12261,-408,False,4,1081,1699,-618
d6cd1235-662a-49af-8a25-ff8ea9a00d3a,14065,13918,147,True,3,1465,1416,49
d6e11be7-7c7c-4378-b2bb-ead45e029a61,13712,12674,1038,True,7,1529,1466,63
d6e1cc83-be71-46c0-97e6-e8d04efd2c60,13973,12641,1332,True,8,1437,1546,-109
d6e82ee3-5155-4610-97ca-0be2832605da,14303,12760,1543,True,7,1800,1346,454
d6f0fdb0-f5e9-4445-984a-c4354ebf70bd,13456,12897,559,True,7,1595,1616,-21
d6faa3d1-b0b1-4560-8970-dc67b4880cc3,11649,14838,-3189,False,0,1100,1807,-707
d703507b-04ad-42d1-946c-2562144abab8,12330,14515,-2185,False,1,1257,1585,-328
d71105db-e95a-42db-a2e3-df0cab76749e,12222,13594,-1372,False,3,1020,1962,-942
d7136b7f-9c0d-4610-bb95-b636ee2f2b7b,12359,14678,-2319,False,0,1184,1855,-671
d71d205e-668c-49c5-9e80-38449f35a1e0,12061,12621,-560,False,4,1425,1265,160
d7248114-47ca-43e1-8797-607950b1ca80,13390,13100,290,True,6,1235,1341,-106
d724bbf8-0ae3-42cf-993b-00bf63792140,14473,12027,2446,True,8,1732,1384,348
d7294690-19f6-47ae-87ad-16b5432ccad3,13815,12807,1008,True,7,1362,1580,-218
d7326fb5-e4c8-4920-a332-644ae625f712,13166,13886,-720,False,3,1626,2352,-726
d73672be-9b59-42f6-9d38-da4408e623db,12513,12974,-461,False,5,1530,1541,-11
d73987fb-9059-4f8a-8473-53c071612435,11534,12237,-703,False,1,1513,1387,126
d74665f5-1238-4fd0-b411-501c79931a4b,15228,14504,724,True,8,1367,2130,-763
d749959d-44a3-4343-b65a-3e0ea5544c7a,13268,12470,798,True,8,1617,1436,181
d74a94fa-862f-4c2a-aedb-41304ae90841,12719,14425,-1706,False,2,1372,1609,-237
d74ef0e4-007c-43c4-8e9d-681a7e4565cd,12612,11393,1219,True,7,1387,1204,183
d7524dba-3024-4db3-9300-15ed002fca8a,14128,12804,1324,True,8,1535,1447,88
d76216ec-2ea3-45b7-98f3-f76349716711,12668,13547,-879,False,4,1281,1310,-29
d766ffa6-d06d-4cf2-8bd1-20a3902f7f81,13239,11935,1304,True,6,1702,1464,238
d771250e-d45e-4ced-a92a-2142b1dd9560,13806,14022,-216,False,0,1846,1636,210
d7776dca-7318-4abb-8a03-5db092f10b0e,12691,13281,-590,False,1,1446,1833,-387
d78a3a07-4662-44b6-afcc-991d7cc62bbf,13369,13725,-356,False,1,1979,1663,316
d78d7261-849f-49db-af29-fa16675d21ed,15016,13204,1812,True,8,2002,1692,310
d78e21b5-d911-46db-9335-246fc24922e0,13841,13140,701,True,6,1340,1818,-478
d792cdb7-79c0-45d2-b2f1-601246b03a9e,13731,13064,667,True,5,1321,1482,-161
d795519b-ec01-4afd-b8f8-04d8c69d4ad8,13812,12417,1395,True,6,1231,1482,-251
d7a758d9-f6bf-4d99-9d8d-52503e896da4,15466,12951,2515,True,8,2214,1378,836
d7aa0d5f-e3a5-4c34-91a1-ac26d02198b3,13275,11938,1337,True,7,1456,1690,-234
d7aeea0e-6206-418a-ad84-743a6fe94db1,14746,11987,2759,True,8,2322,1205,1117
d7b26a09-729b-4e1d-a6b1-fcd1941379f5,13199,13199,0,True,3,1666,1487,179
d7ba9e1f-b003-482c-bcb2-9d1bd9dd775d,12659,12679,-20,False,6,1341,1623,-282
d7c7ea26-241c-4380-bc4a-2bc970e3c358,13541,13481,60,True,2,1350,1626,-276
d7cf8ea0-277b-4e73-8599-4e74b7c58c74,13158,13377,-219,False,4,1554,1337,217
d7d74deb-f02a-43fa-8094-e27722fd440a,11329,14395,-3066,False,0,1209,2087,-878
d7db90fa-0482-46c4-9450-4426a045031f,12872,15951,-3079,False,1,1313,2830,-1517
d7de75b2-8a3f-4de2-bfab-88808e43b65a,12266,14329,-2063,False,2,1688,1441,247
d7ec1bc7-425f-41ee-bebc-00e8d23b32be,13865,13764,101,True,4,1664,1518,146
d7f3d4ae-51bd-443c-8344-744499c1a503,13881,12254,1627,True,5,1587,1307,280
d81e35cc-4a0b-4200-ad18-7689c7bcffb8,14233,12898,1335,True,8,2450,1534,916
d821acb8-a319-430b-8eaa-0e2e35b9d9f3,13512,13774,-262,False,1,1724,1442,282
d8249a8d-bbd8-447f-bc37-6353fd75cf18,12745,13330,-585,False,0,1392,1421,-29
d835d587-8728-4c49-a5d3-12700f172cff,12227,13682,-1455,False,0,1383,1063,320
d8479e91-5933-4be7-8e16-b605162cad05,12178,11980,198,True,7,1261,1442,-181
d84b96a6-6ed5-470b-b694-fe5808342e5d,13533,11985,1548,True,6,1636,1369,267
d84f65bc-c2e7-41be-bf3c-4486041a68a0,12585,12581,4,True,3,1310,1548,-238
d855f1cd-7470-4dba-b17e-fdb015307b3f,12990,13650,-660,False,1,1483,1729,-246
d8584904-0c30-48e6-ae0c-cdbe141b489a,12768,13413,-645,False,3,1765,1231,534
d86003d7-83a8-404b-bef1-5112cf2e5c4d,12506,12905,-399,False,6,1214,1433,-219
d8729ed9-a058-41b7-bce0-6bc7a354a559,13247,13478,-231,False,5,1415,1646,-231
d876f17e-e668-43d2-a146-7d331f3eb5d3,14373,11685,2688,True,7,1425,1337,88
d87a31ff-1fda-44cf-8025-dd5f6ff1d49d,13419,13520,-101,False,2,1665,1362,303
d8854b11-ce40-440c-912c-a3c01a89bd96,15238,15625,-387,False,6,1453,1501,-48
d8875177-066b-48af-9204-d66be99946fc,13016,13705,-689,False,3,1783,1668,115
d88a8019-2fd0-42e3-a1ea-24196766dac5,15635,13507,2128,True,3,2102,1789,313
d88d5552-7f0a-4117-a3ca-59c553930453,14806,11654,3152,True,8,1867,1112,755
d8936f6d-ebf6-498f-8d34-2af17f55e849,13609,12892,717,True,9,1310,1415,-105
d8a00532-d47c-47ba-8aef-233a0f1879e3,14409,13017,1392,True,5,1553,1678,-125
d8bcdcf6-bb87-4bce-8847-b7877e05fb1e,13937,13282,655,True,8,1741,1349,392
d8c35d40-3d62-433e-b92e-0088283569da,13082,13494,-412,False,2,1628,1599,29
d8deb9ec-f6a4-47ce-b161-c90de9a05901,12782,13205,-423,False,3,1354,1545,-191
d8e135f2-56f3-49ad-b618-430d0238ec99,13697,12738,959,True,6,1368,1414,-46
d8ec0c19-cdda-4a41-9957-cf8ea7a17c38,12964,13630,-666,False,4,1639,1524,115
d900933f-c9aa-4345-abf1-9778868b4ba1,15191,13567,1624,True,8,2096,1428,668
d9044206-f18b-4bef-8b12-309c380f440b,14062,14407,-345,False,1,1419,1291,128
d909799e-3ceb-49c2-9339-476381e997b0,13824,12750,1074,True,7,1374,1523,-149
d91199e5-f09b-42c8-a59c-fd2ab43f2f1f,10894,11577,-683,False,2,1339,1273,66
d91525d9-7425-45cb-be00-7bb9f5a368a8,12391,12904,-513,False,2,1184,1549,-365
d9162366-db96-4645-b722-cb75a62cbf3b,14298,12665,1633,True,8,1665,1420,245
d91c3d59-ab0e-419c-a805-038ee17d0716,14611,13785,826,True,5,2213,1672,541
d9213427-07ba-414c-85e1-e121156e2d9e,14050,13760,290,True,3,1741,1633,108
d92348e9-f3fb-4923-98f7-cbede638b7fe,12659,13876,-1217,False,2,1369,1932,-563
d923d887-3fe7-4e72-bcc0-6775a71da942,12784,12947,-163,False,3,1357,1334,23
d929912e-8cc2-4c96-bac1-d90646df6f41,12435,11796,639,True,2,1918,1018,900
d941ba43-da91-46a5-a0b7-56737969d39c,12046,14196,-2150,False,1,1158,1135,23
d943db05-e67c-4965-bce7-73c2249c081b,14333,12874,1459,True,5,1918,1368,550
d94654a1-c1b4-4cac-9166-56659392ba91,12502,12648,-146,False,0,1443,1264,179
d94d51cf-9a66-4917-977e-82dabc05e21a,13001,12869,132,True,5,1231,1730,-499
d958ec41-527b-43f2-b133-7207df180b0d,12609,13862,-1253,False,5,1737,1974,-237
d9669122-d291-4396-a912-e75c612c2fe2,12785,11444,1341,True,5,2456,1144,1312
d97187b2-bc19-47a8-8ebe-eba7a1f4ef8c,12204,12057,147,True,6,1363,1563,-200
d971fdd2-2247-4380-9c38-897b738415d3,14382,13778,604,True,7,1602,1706,-104
d9891600-bc6d-4a3b-932c-b3c3b2e8b553,11928,12003,-75,False,1,1488,1386,102
d98bb1ce-819f-4027-8a09-d1c204e12fc6,11401,12443,-1042,False,0,1240,1265,-25
d98c18c3-225a-420e-a8db-62577edaddb9,11661,12203,-542,False,5,1080,1214,-134
d98cf942-53c9-4e82-bb0c-eda5ac23e25c,14280,14993,-713,False,2,1326,1747,-421
d98eaf8c-1818-4c2e-a157-7494a78236e7,13911,11381,2530,True,8,1182,1382,-200
d9aa2a05-a7ec-49a7-a4fb-aebd781cd5be,13431,12877,554,True,8,1565,1510,55
d9b1b12c-ab51-4de4-a2c7-d336f556031d,15737,12617,3120,True,8,3058,1684,1374
d9b72b88-4f6b-4779-af33-9ecf25a4b8d6,13647,12823,824,True,8,1284,1412,-128
d9c8ec85-fb6c-4331-9cc1-9129db693127,14754,12914,1840,True,7,1609,1843,-234
d9d27a07-bd59-4962-afaf-12141c8e37f4,13541,13258,283,True,8,1377,1616,-239
d9d9da87-6b5f-4c51-a9ed-9332799c305c,13875,13295,580,True,8,1454,1544,-90
d9ea0823-8a06-4b5c-b1ba-1ade8ec68969,12271,14332,-2061,False,1,932,2698,-1766
d9ebfe07-fd55-44e0-82ba-a6738b3f055a,14743,14316,427,True,3,2567,1995,572
d9ec06ba-7bac-466c-8c9e-fd83761f2db4,13617,13933,-316,False,5,1669,1371,298
d9f321b2-d784-4857-9213-bc19160f0b64,12646,12205,441,True,4,1538,1332,206
d9f596ac-742d-4ca1-b162-0649945ae4ba,12206,11894,312,True,4,1782,1483,299
d9fc8b8a-d6a4-4811-9803-67ca7855322f,13272,14769,-1497,False,1,1455,2827,-1372
da0293c9-cca5-4336-8b70-745baafc2caa,14260,12319,1941,True,7,1539,1609,-70
da0442e2-ad99-4ca7-bbb3-bea0d8051029,15108,11915,3193,True,8,2911,1099,1812
da055eef-64d0-4cd5-bda6-2975c01d77d1,13038,14394,-1356,False,1,1385,1634,-249
da0734fb-d084-4d38-a9fc-78bd71a6de8d,13371,13009,362,True,8,1630,1294,336
da079335-1257-4b29-96b0-d0399ba56c5b,12758,13931,-1173,False,2,1327,1866,-539
da0b573c-75a3-4044-8c28-742129d10f1f,12859,13248,-389,False,1,1567,1457,110
da276008-db0c-48fe-92c0-f3ed08117434,13003,14020,-1017,False,7,1013,1770,-757
da2d5a37-4aa3-4ccc-9f8a-6db4b7ed157c,13988,14054,-66,False,4,1503,1514,-11
da316d1f-4349-4662-beb8-af0d0aece806,12993,13647,-654,False,1,1495,1509,-14
da41518a-0a0b-4733-8f68-12e693cadfb2,13696,13905,-209,False,6,1591,1533,58
da475e68-61a2-478c-b8c1-db3cb094ad4b,12208,14188,-1980,False,1,1182,2722,-1540
da504157-9677-4694-98de-22093aaee683,13032,14489,-1457,False,1,1392,2090,-698
da51d6e7-68cf-4387-b45e-e43d9c585079,13288,12631,657,True,7,1613,1327,286
da572b76-29f0-475e-8fc8-c289829dc17a,13349,13249,100,True,5,1599,1476,123
da5ba7e6-1e10-4b22-a5f1-728a76c31144,13590,13552,38,True,2,1657,1597,60
da6cadfd-f19f-4072-b945-fbdaf274dee7,11675,11265,410,True,8,1332,1245,87
da7634d8-611b-4a8b-aa3b-bf9693a117f9,12870,13013,-143,False,3,1202,1503,-301
da866667-3163-4cee-99b8-9aa2e75cab25,11272,11328,-56,False,6,1106,1231,-125
da8de63e-9f7d-42af-aac6-f3895140a90d,12059,12544,-485,False,1,1258,1381,-123
da92115d-72ca-4c6f-8b24-2be0f88c88f3,13352,12980,372,True,4,1450,1575,-125
da9a6af9-d8df-4f35-b2d0-73401510b783,14068,13011,1057,True,8,1512,1359,153
da9c2bec-4b60-4861-8bf8-3b2e25dc9e26,13226,13918,-692,False,3,1478,1338,140
daa4c394-14cf-4e70-92fb-2619c8d7fc6e,13898,14017,-119,False,6,1907,2229,-322
daab6543-3342-4dfc-9ade-25c44e78e7db,10846,12594,-1748,False,1,1394,1374,20
dab2dfa1-89bf-46e8-ad40-cbe5f744e869,14486,13975,511,True,7,1292,1351,-59
dad357f7-379c-48f9-a17f-e1993df01c40,13650,13027,623,True,7,1696,1360,336
dad97fee-20f1-4207-95ca-c49f8641b2c1,13302,13499,-197,False,7,1248,1751,-503
dae3c32b-cd85-4259-a620-62dc079f4993,12846,11541,1305,True,7,1497,1164,333
dae46a78-0362-4d15-85ab-7b7903cd8810,13856,12473,1383,True,7,1540,1411,129
dae77c51-e0a5-4765-8bdd-2541070d871d,13749,14106,-357,False,5,1500,1757,-257
daebbfb0-594c-4828-aaa7-18303c352304,12411,12653,-242,False,1,1050,1236,-186
daf84d65-6083-42a5-9a06-86dee231411b,12493,12941,-448,False,2,1444,1591,-147
daf9e450-ebe0-44cb-a3d0-471a566d8870,13723,13346,377,True,8,1247,1435,-188
dafa4d8d-e67f-418f-8f4d-139c097cb9f1,13869,12588,1281,True,8,1628,1256,372
db036a9e-d123-4433-a1e9-b113b4197c13,13106,13528,-422,False,3,1532,1520,12
db187163-6791-4cff-8656-3fe7c96b82b2,13026,12885,141,True,8,1306,1564,-258
db24f812-09e0-4b50-ae7d-0851de8d1db5,12241,11103,1138,True,7,2164,1135,1029
db2a01eb-c287-4c07-8562-6a56bd555796,13061,12312,749,True,8,1291,1693,-402
db2c2f92-e9da-40d1-a61f-cb0a30d09894,14555,14301,254,True,7,1991,1629,362
db2cf98d-a55e-4e28-9702-d7363fad2ebb,12418,13436,-1018,False,0,1325,1354,-29
db2ef815-65b7-422d-9fc6-26bc9925922e,13241,13059,182,True,8,1448,1430,18
db367b5c-ca06-4f98-9386-9931f0cf8c4a,15169,12901,2268,True,4,3026,969,2057
db3a009e-e6e4-4b13-9aca-3cdd424227c9,13557,13794,-237,False,1,1987,1157,830
db3f1dc8-2853-4906-a314-fe62c38d6df8,13155,13262,-107,False,7,1522,1855,-333
db4793e6-ae75-4728-bc38-51a703d77807,12207,12761,-554,False,2,1294,1385,-91
db60d8b8-a4e2-4a81-ad57-0b2bf29a9844,16123,11232,4891,True,8,3525,1064,2461
db6288ae-8719-4130-895a-d9b17d71564c,13862,13347,515,True,6,1647,1574,73
db69a65d-ef1c-4968-9d48-17fe3d27ea19,14413,13902,511,True,2,2626,1834,792
db6d3d58-8239-446c-89bb-b1ffc698fc4a,12070,12589,-519,False,1,1280,1488,-208
db6f8656-52f6-43f3-ad35-4dee17324d5f,13266,11328,1938,True,10,1892,1453,439
db81087c-f5aa-449d-86c6-53a432c1e31a,13480,12951,529,True,6,1482,1581,-99
db89b3b6-5196-40e0-bcff-bda2726c4bae,13296,14795,-1499,False,5,1059,1816,-757
db902781-bb7f-4635-b46e-e684afa76edd,12694,13197,-503,False,5,1246,1442,-196
db91e8cf-5efc-44f8-a445-984ce6e12310,12220,12936,-716,False,6,1343,1458,-115
db9b9408-6d49-4fe3-aaf2-ec1a44a0943d,12351,12598,-247,False,4,1390,1331,59
dba592c3-a43c-408c-ae09-a52df4908554,13110,12916,194,True,8,1256,1500,-244
dbaa5678-f974-4ae5-a418-ac063ccf9f7f,11530,11812,-282,False,1,1193,1441,-248
dbb8fd3c-baf2-4ff1-baf0-511974870e81,13268,13805,-537,False,0,1695,1621,74
dbbe0ab4-15a4-43b3-8a70-9e87daeb6a69,12866,13486,-620,False,1,1654,1334,320
dbc5c2f8-e7fd-4e2b-b3c6-f1777f42c2f2,13810,11903,1907,True,8,2343,1114,1229
dbd2bb82-0830-4188-9d88-040a8b5d14cd,13430,12567,863,True,8,1440,1188,252
dbd345fc-6359-4504-8526-a01245cb46b2,12851,13173,-322,False,3,1564,1590,-26
dbd527b0-bdc7-4b8d-aecf-539910234121,13065,12764,301,True,7,1224,1442,-218
dbdb8823-971d-4a29-9054-eac324600d15,12388,12690,-302,False,4,1375,1694,-319
dbf3e2de-cbd4-4fae-81a4-d84ef013b51b,15043,14488,555,True,8,1659,1306,353
dbfbaa72-43a8-4ff5-a5e9-c2ed442a5adb,13605,13553,52,True,2,1531,1504,27
dc0131d7-5aa6-4e08-9e2a-229e4249ea39,14197,12808,1389,True,7,1337,1325,12
dc023755-e5a4-4cb4-9072-629979e5ebf0,13742,12848,894,True,8,1785,1294,491
dc0413ac-c431-4e20-906e-77b6787e1469,13186,13621,-435,False,4,1339,1425,-86
dc053d0b-db83-40c9-9905-7c699fe53601,13713,12482,1231,True,8,1868,1222,646
dc084413-5b9d-4da0-ada9-04a7bfcdad22,13828,13342,486,True,8,1245,1506,-261
dc0c0532-1e12-4cc8-bacc-f65f05c2b4de,12360,13295,-935,False,3,1400,1214,186
dc14acd4-cdd7-4501-bcd4-152a129be8fe,13510,13855,-345,False,5,1472,1825,-353
dc1d24a7-5452-46db-8109-8b06449fb57a,11668,12148,-480,False,2,1508,1242,266
dc2e7b92-1726-4e45-ba84-5495c3d7000e,14865,12226,2639,True,9,1421,1414,7
dc2f2382-1c37-4b71-a9ec-129097eec131,14955,12681,2274,True,8,1597,1488,109
dc43243a-55f7-406e-8518-dc23c1cf70b6,13312,13031,281,True,7,1708,1422,286
dc49e0f6-a2f4-4358-b929-551100ec78c3,13291,13511,-220,False,1,1539,1518,21
dc4a3a15-a901-4eae-b762-22fa4601180f,11929,12552,-623,False,0,1221,1291,-70
dc4ab5fb-2d46-4ed0-b978-1b55a1225997,14087,14088,-1,False,4,2173,1173,1000
dc4dbf6f-6868-4c03-9fc8-4fb9dc5274ec,12926,12926,0,True,3,1174,1421,-247
dc6b2e73-a9f7-48e4-9781-ac1d6c341889,14472,14720,-248,False,4,1218,1566,-348
dc6d1c77-b3e7-4ebd-a0db-7dad414afcb5,14075,14399,-324,False,4,1112,1662,-550
dc73263d-9465-419d-8ece-a37a8c0822cb,12459,13094,-635,False,3,1251,1438,-187
dc94d7d7-965e-4db6-9447-a2713693caa8,13435,13506,-71,False,2,1350,1814,-464
dc97b2bc-7683-4bc9-b0fd-4ec4d35da834,12416,12510,-94,False,3,1008,1545,-537
dca47eaa-2276-4567-b47c-a4f98ed78c49,12718,14289,-1571,False,2,1192,2472,-1280
dcb221ed-bb26-4d91-8017-397471247540,12470,13250,-780,False,2,1164,1539,-375
dcb7e03c-9b79-4a74-8dda-836d65a6cd4c,14100,12936,1164,True,7,1483,1483,0
dcbc9b97-a5d7-475b-9980-7b4f02f1fab0,12852,13800,-948,False,5,1497,1686,-189
dcbce75a-f053-47a0-ac56-940b38eb1678,13807,12480,1327,True,8,1945,1623,322
dcbe09e3-1359-4a3e-876d-6d4281cedf54,14071,12938,1133,True,8,1713,1519,194
dcbf1535-5a9d-4dac-99b6-ac44d3849f17,12909,13879,-970,False,3,1441,2104,-663
dcbfc4e0-81f3-40d2-977d-f9865440faf6,13625,13242,383,True,3,1198,1604,-406
dcc2d04b-6780-462f-8896-8000dfce00b7,12549,13445,-896,False,1,1465,1347,118
dcc57f49-ee0b-46d0-9f93-ccda169b882d,14536,12243,2293,True,9,1539,1167,372
dcc6d18c-ff98-4cc9-9d4b-c5a821e749c6,13887,13515,372,True,7,1135,1505,-370
dccd32d0-80ac-4f04-91b4-87ddb91a9aab,13792,12922,870,True,7,1456,1502,-46
dce563ef-0813-495f-88c8-a9903f3f6de1,13117,12437,680,True,9,1384,1501,-117
dcf380a1-0199-4ee0-bce4-75efbcf7108a,12437,13201,-764,False,1,1343,1663,-320
dcfaa899-9336-4fae-add6-ba764a7a6211,12769,12164,605,True,8,1410,1407,3
dd0085d4-73ab-4154-974a-5049b3e02014,13370,13115,255,True,5,1898,1347,551
dd0f4200-2d33-450c-937a-bf9cb8a111a8,12130,13829,-1699,False,1,1287,1757,-470
dd10d676-ebff-424e-a0cc-e1b47e78a4ac,13266,12816,450,True,8,1515,1535,-20
dd13d8d3-85bc-408b-8d54-69e9a9160d15,11685,11199,486,True,4,1163,1366,-203
dd3e1638-d787-48a5-bbc1-f545128eee5f,12592,13516,-924,False,6,1201,2457,-1256
dd46d158-fe1f-4f53-9763-f4938872d4b5,13524,12694,830,True,9,1465,1427,38
dd470125-6b5c-403f-8bbc-4b52b8e5b289,13893,13953,-60,False,2,1329,1339,-10
dd54f012-6041-407c-b871-f38ad17efa39,13128,13691,-563,False,0,1511,1259,252
dd6d9ee0-4d88-4bcb-9c47-6a167f83ca04,12275,13960,-1685,False,0,1605,1663,-58
dd75a3a1-9677-4994-9bb5-8a4a00c6cf64,12552,13252,-700,False,0,1441,1615,-174
dd78934a-e4e5-41ae-ab6a-19e3c5a64e21,13747,12984,763,True,7,1574,1359,215
dd7d6583-cc94-4a39-8ec4-cfffb6526cef,13059,14261,-1202,False,1,1519,1710,-191
dd801c6e-2276-49aa-bd94-c3b75824c505,13245,13658,-413,False,4,1308,1821,-513
dd82f590-d9e6-4c72-a2f5-2df35b8206f6,14233,12980,1253,True,6,1500,1409,91
dd85c552-b16a-4a0c-b77d-9a8500634699,12432,12468,-36,False,7,1372,1611,-239
dd8b6985-fec8-4918-a232-cfbb53c88df6,13076,13485,-409,False,5,1470,1509,-39
dd91ddad-2a4e-49ae-8379-df516ffa991c,12776,11997,779,True,8,1374,1162,212
dd94004c-125f-495c-a79c-d236169c09e5,14142,12390,1752,True,8,1432,1329,103
dd9c49ed-a034-499e-bbab-96239c5d9008,13478,13754,-276,False,1,2158,1257,901
ddab6152-3fdf-4c6b-8e4a-72cd4d21a5cd,12375,12342,33,True,5,1675,1182,493
ddb86395-28a5-4547-9bb2-80dd0af640f7,14220,12609,1611,True,8,1893,1573,320
ddb93829-0e70-4d87-bb14-eb40e72ca9f3,13848,13715,133,True,7,1632,1605,27
dddd5659-3179-4081-acbb-42bdc9a78b67,13058,13985,-927,False,4,1040,1549,-509
dde1d9ad-b223-42da-948e-f6b1f74adab5,12778,13916,-1138,False,0,1464,1403,61
dde2c42c-a440-4c2a-a7ef-c217f631e37e,10768,11731,-963,False,0,1289,1393,-104
ddef32e3-aa84-4764-bd34-d4c39d8424b6,14742,12522,2220,True,8,1484,1431,53
de15a29e-0030-4fbf-9fdd-fdc9684d65e7,15021,12050,2971,True,8,1545,1363,182
de26a212-823f-4a5a-b647-f981931853a2,11607,12456,-849,False,0,1210,1264,-54
de30de85-7284-479d-bd66-c2219c105911,13274,13196,78,True,6,1544,1478,66
de459552-480c-4b34-8b24-54146d86cd86,12782,12702,80,True,6,1431,1485,-54
de4646a1-1ad8-4f08-a8ba-f5c1a515069b,14410,14698,-288,False,3,1899,1485,414
de472aa1-2dd3-4dc9-8f5a-db37b9492c28,11919,12389,-470,False,4,958,1276,-318
de598924-133e-4b22-853a-3ab4316afc99,13756,12741,1015,True,5,1973,1134,839
de5c64c0-8376-4d9c-b55d-9afacc05a599,14707,14663,44,True,7,1453,1652,-199
de600d31-3b16-4f65-ae6b-d464ac8eaca8,13705,12801,904,True,2,1941,1730,211
de6037ce-d82a-4579-8c70-db9b09fa375f,11954,14309,-2355,False,0,1068,1652,-584
de6c825b-a552-4134-90a7-f8ae742ef9d3,11059,11284,-225,False,0,985,1145,-160
de84a4ba-78c3-4ef0-a638-bae7336083a3,13705,12827,878,True,8,1680,1469,211
dea68d3f-4632-42e8-867e-e267219cf918,13170,13413,-243,False,5,1639,1597,42
dea7f345-cb6b-4533-b030-0b63fdaf293b,13122,12795,327,True,8,1254,1453,-199
deace89f-2138-4551-812f-b4ddf64fb884,11526,11323,203,True,3,996,1444,-448
deb41b45-dd78-4c5c-98f3-99f0fde58f8a,14520,12805,1715,True,7,1273,1679,-406
dec1dfef-5f6d-410c-931f-1ed321f8e93a,11768,11609,159,True,7,1279,1397,-118
dec305e1-ccad-49bd-976e-9a7c447cbec6,11726,11756,-30,False,4,1543,1064,479
dec45ba9-1a9d-4820-b58e-49cac8c4691b,12929,13155,-226,False,2,1347,1720,-373
dec4c5e9-48b3-46f0-93ac-9b10aa78fdc1,14109,12842,1267,True,8,1568,1540,28
dedd94c3-b162-4a0f-93a4-1c1b0a76bb72,14124,13661,463,True,6,1710,1461,249
dee92569-3cfc-4f5e-8d18-89f4426c9106,12214,12312,-98,False,5,1596,1646,-50
def05bcd-9e3c-4e86-b276-06eddf51bc28,13899,12958,941,True,7,1521,1851,-330
def28718-3f65-4af5-afb1-9dae1cea6af4,12839,12264,575,True,7,1628,1438,190
def7df37-4635-47af-88ac-92f0755dc8d4,12156,13218,-1062,False,1,1070,1643,-573
df0102cf-5294-4a34-a597-8f6d08134abd,13856,14930,-1074,False,2,1420,1725,-305
df02cc8e-4ef7-49ba-b53c-c6490bcec62e,13628,12120,1508,True,6,1680,1179,501
df09f3d8-6050-4f36-b6f5-d070eba8c59e,12886,14297,-1411,False,1,1432,1502,-70
df26ef10-3548-44f5-a2c0-4406b3ac2676,13041,13984,-943,False,2,1202,1546,-344
df2f3b9a-b5f4-487b-91a3-c5599271c0a7,13818,12240,1578,True,8,969,1386,-417
df3f0a34-4e2a-483e-9044-ebc75038671e,14425,12737,1688,True,8,2058,1176,882
df47eb89-edee-4f7c-95ea-ed4ba0137912,12892,11636,1256,True,8,1374,1524,-150
df4fd117-d119-4e0f-86f1-8ae2ac9597d5,12982,14181,-1199,False,4,1406,2184,-778
df51ac36-1e3c-4cdd-bd03-7c0e35828f3b,12306,13153,-847,False,0,1142,1604,-462
df55e5df-fb33-4b27-a6bc-c39bcd171ac8,14548,13660,888,True,6,1625,1960,-335
df608d8f-cc34-4d44-8ffc-034468c8d2ac,12808,13319,-511,False,2,1524,1213,311
df6dd4c2-e465-4391-8504-c0053be46938,13859,12348,1511,True,8,1488,1239,249
df6e8d85-8962-4cc4-83a9-9ba78373bd4c,13698,13112,586,True,4,1320,1251,69
df81851c-559b-4a1c-92a3-f31bcd609e90,13667,13095,572,True,2,2234,1450,784
df83cfd7-cb36-445b-9591-bfd52fe7f02b,13996,12924,1072,True,7,1532,1164,368
dfb2e534-cf71-487f-90e2-64cd126df6e8,12786,14392,-1606,False,0,1512,1459,53
dfb3e075-f73b-4b3f-a53f-01fe95318310,13829,14397,-568,False,1,1656,1501,155
dfb8edad-0f2b-4c3d-b16d-145559b90f3e,12484,12662,-178,False,1,1408,1478,-70
dfc03384-8deb-454e-b24f-f0298c18e80e,15441,12394,3047,True,6,1260,1534,-274
dfc232e0-a45b-4e47-b7dc-5b011f656191,12724,13312,-588,False,1,1241,1434,-193
dfd057ca-455e-4a47-b8a0-24710073eb03,13796,13181,615,True,7,1486,1130,356
dfd086ee-fe4a-4907-914d-dcbae34f68c0,13415,12456,959,True,6,2154,968,1186
dfd6109a-b2e3-4b9e-a0fd-3c758546ac27,13321,13998,-677,False,0,1497,1338,159
dfd7fdc0-30b2-4214-a002-860b30657fd9,13490,13927,-437,False,1,1439,1370,69
dfda8071-328f-419e-9489-d9beaf760478,12546,16969,-4423,False,0,1154,2575,-1421
dfff2e5c-7aff-437e-a263-962a48e25f61,13239,13379,-140,False,0,1580,1320,260
dfff37e3-ede6-4c0e-a276-591d162ba08a,12867,13991,-1124,False,5,1703,1584,119
e0088d57-1824-4428-939d-cceae896dbba,13815,14074,-259,False,6,1489,1591,-102
e0186820-18bc-423e-985f-8b8c7cc6059d,11540,11624,-84,False,8,1089,1156,-67
e0217271-e486-4236-8bc5-339de98a76b8,14013,13016,997,True,6,1551,1449,102
e0302f9a-c809-4f08-97fb-8d96e4730e43,13741,12946,795,True,5,1369,1591,-222
e036d2ae-8623-477d-ac2f-4406ae12cc46,15287,14314,973,True,5,3324,2461,863
e038da89-6c77-4502-bc79-6276d02d0b8a,12690,12846,-156,False,4,1282,1086,196
e03a9dec-f683-40df-ac8f-3705ea13c99e,13508,13280,228,True,5,1519,1479,40
e040a51c-176c-4e0c-8d4b-027dbbb6d91d,14654,12754,1900,True,8,1781,1526,255
e044e227-38e6-4c25-af79-caa4f90e982b,13269,12585,684,True,6,1298,1660,-362
e048dcb4-7e20-4a1e-bd8c-5f101ff05330,13013,15296,-2283,False,1,1418,2270,-852
e04ed84d-929b-4f0e-a769-e7bffc2b5162,12618,12674,-56,False,4,1697,1499,198
e05645ee-a208-4455-8f78-3f46a7aac3c7,13596,12656,940,True,7,1459,1588,-129
e05d92e8-b782-45c8-8f2a-2c1f0c9d9937,13852,12447,1405,True,6,1444,1507,-63
e06011a8-a5bf-4719-9afc-0e8af42ed51a,13040,12917,123,True,4,1536,1334,202
e06cb097-1d99-42a8-a485-e36f2571fb0c,14698,13044,1654,True,9,1367,1039,328
e06ed5bc-5b54-4cf6-a776-1b5665eb3fec,13465,12781,684,True,9,1971,1431,540
e07fdaa2-1ba5-4707-a2c4-38e6588053b9,13287,13499,-212,False,4,1362,1669,-307
e0802211-9b42-46fb-b218-ac94f3262aaa,12581,13126,-545,False,2,1030,2087,-1057
e0940446-cac7-4f81-90d5-41345c5f67c8,13086,13171,-85,False,2,1353,1275,78
e097c282-2be2-40aa-9420-109235f17e9e,12406,12480,-74,False,4,1224,1488,-264
e0a954f4-b9d1-44c5-b8ab-190389d7a11b,12831,12687,144,True,7,1470,1574,-104
e0ae5a0a-0a9d-4f9f-99fa-71ea0a38776c,11213,12105,-892,False,1,1448,1360,88
e0b71a17-ea57-4282-ac9e-5332aa2fb5d3,13532,15519,-1987,False,0,2192,1289,903
e0b9cef4-de2f-44c0-ba98-2419bc6e6491,12770,12643,127,True,5,1437,1459,-22
e0c7fbea-f89f-4ea4-b087-bb5107f202a9,13383,13220,163,True,6,1324,1562,-238
e0cef85c-de42-4313-9bcb-121c09f763e4,13383,13098,285,True,3,1558,1366,192
e0dc1ced-c34a-43a8-bbc7-0882c4a0517c,12591,12787,-196,False,4,1402,1522,-120
e0e25c9b-5a68-4a79-9446-bc6ba2b1a6e3,13172,12589,583,True,8,1550,1306,244
e0e65edf-46e1-462c-9702-5ebacec051cd,13027,13866,-839,False,1,1369,1797,-428
e0e79607-83ca-4cc6-a073-b7752731f370,13777,12832,945,True,5,1668,1488,180
e0e84655-654a-4146-8eb1-2ad9b94260df,11917,10586,1331,True,7,1400,1298,102
e0e94433-154b-4e9f-9564-39225c72a192,14222,13766,456,True,4,1414,1339,75
e0f859fa-875f-4fdc-87c5-8db7c781edf6,11329,10915,414,True,7,1469,1312,157
e0fc013f-fe88-40f8-aedd-36d852322a51,13542,12978,564,True,9,1500,1547,-47
e0ff0bf9-8ea9-40c7-b826-051ca131354e,13307,14520,-1213,False,0,1636,1371,265
e104f4cf-a259-43da-912d-b0b43f98fda0,10837,13433,-2596,False,0,1269,1434,-165
e11e9d43-7ff4-47cf-99fd-d64d24dbd661,13307,12690,617,True,7,1427,1410,17
e133d6e7-fbaa-409f-bf4c-3637a03abfb2,13402,13669,-267,False,0,1573,1555,18
e134162d-0e26-4cf2-ba60-c3ee7fc81b5b,13233,13596,-363,False,7,1380,1839,-459
e13b0acd-b45d-4f6d-8a93-a9536b689ce8,14309,11611,2698,True,7,1239,1441,-202
e1404247-43f5-43a7-8de3-0f4952c2f87a,11691,11819,-128,False,4,1664,1302,362
e1449755-0eeb-42b0-90f1-62dc3ef35ca0,13938,14292,-354,False,1,2187,1410,777
e147a524-80eb-4ab2-869b-3fbe0e333588,13769,13685,84,True,7,1640,1424,216
e15957e5-fe57-4198-91fb-9da67235a622,13145,12708,437,True,5,1513,1390,123
e1727ed7-ba0c-4685-9254-083022bf02a7,13376,13505,-129,False,1,1724,1542,182
e180414a-c3d0-4cee-a80e-cfc9eeb81302,12310,12466,-156,False,4,1394,1208,186
e1a04d6b-5571-4471-aa69-6f92f705a715,13038,12759,279,True,5,1600,1589,11
e1a271e6-ee4b-4647-ac6e-e19d4face092,12411,11564,847,True,7,1286,1329,-43
e1c556ff-a354-49d5-8a68-69dcd2362189,13347,12771,576,True,7,1361,1384,-23
e1cb8791-324b-4470-b5ff-5bf714512628,12919,13672,-753,False,5,1410,1855,-445
e1d2ba65-0173-4670-b426-ea5ac0330db9,12989,11520,1469,True,5,1136,1331,-195
e1f8554e-ee02-47dc-9edb-ff5397e8016e,12614,14024,-1410,False,1,1354,1592,-238
e1fe8303-6faa-4919-9950-aabb76767d1e,13771,12246,1525,True,7,1507,1456,51
e2009a32-58e9-4f40-8dd2-4ae2e5a662d6,11702,11462,240,True,5,1494,1264,230
e204e9f5-6293-422c-aea4-238e23753c6b,12811,14048,-1237,False,1,1669,2484,-815
e20d60de-b69c-4e56-9788-3a523bb3b720,12761,13597,-836,False,2,1641,1823,-182
e2136f93-148b-4ba3-a1a2-d222f05d70d8,13661,14240,-579,False,3,1725,1741,-16
e21de691-9cdb-44b2-bd9a-757d28a7f815,12816,13686,-870,False,1,1490,1357,133
e21f96e3-ccbb-42df-a96e-1e324e4a7fac,12716,12796,-80,False,7,1235,1597,-362
e220f6b9-8339-4a1e-87af-9807ace3f8fa,13563,13510,53,True,2,1481,1669,-188
e22d2273-408f-4321-9490-ca26bfaa33d6,12950,14014,-1064,False,3,1387,1515,-128
e22e3199-345e-4a16-a39c-336d094e7ef2,13053,12945,108,True,3,1418,1268,150
e24bc897-b56a-48a2-b350-33b65cf2da5f,13239,11178,2061,True,9,1448,1116,332
e250c69b-9b75-45e7-a608-b278cefaecb4,13735,13307,428,True,2,1820,1268,552
e25a7662-1434-4014-9c0e-5d41fc574934,13221,12632,589,True,7,1455,1549,-94
e25dd6b9-4502-4dd0-bd1b-a39952c9212d,13261,12488,773,True,5,1427,1384,43
e265b4be-75bd-40af-875b-29a9df75acbf,13609,12799,810,True,5,1709,1569,140
e2665842-1ae3-4ac6-902b-b64c6bcb6e57,12778,12779,-1,False,3,1366,1420,-54
e277fbac-6939-4c06-a889-063b81204b02,13053,12972,81,True,4,1513,1217,296
e2780896-0da5-4312-9ff8-178064457c48,13146,14058,-912,False,1,1556,1413,143
e27da075-cc03-4a62-b104-5d450cb3ddb5,13737,13539,198,True,6,1465,1435,30
e28cfb91-01ee-4d87-bc80-623f3276f8e0,13813,13205,608,True,3,1815,1336,479
e29729ab-bca3-497d-99db-e2afc26fcec3,12512,11401,1111,True,6,2172,1025,1147
e29e24f9-2d36-4ab5-bcb7-759a30ec9273,14031,13959,72,True,6,1843,2258,-415
e2a5f552-230c-4c6c-afaf-410c8c6dfd8f,14036,12529,1507,True,5,2079,995,1084
e2a80716-51a6-4c28-bf6b-fb2cdcce36d7,13290,13139,151,True,9,1242,1495,-253
e2b1b480-3af8-4555-a0a8-5e7a1bc5d292,13456,14594,-1138,False,0,1528,1717,-189
e2b5e2a0-1c43-4e02-ae7e-54900996e9b8,12790,11925,865,True,5,1346,1221,125
e2be6047-14de-465d-98b4-f2d2e033a76d,13064,13258,-194,False,1,1743,1349,394
e2c7ffe4-2488-47e7-aad0-15459359c238,13566,13216,350,True,1,1863,1483,380
e2d64604-9bd0-4688-8472-7c78ca5f3365,12231,13421,-1190,False,3,1197,2035,-838
e2e57550-ba39-4b86-936c-cc695e5e479e,13991,13037,954,True,8,1508,1541,-33
e2ece656-5d9d-4271-aec5-c47edcc36f18,14784,13957,827,True,3,1833,1003,830
e2f68d91-71c0-4019-9f7f-3c58148c36de,12183,10772,1411,True,4,1144,1184,-40
e2fcaa8e-b5c0-4a9b-8b40-c6983b6fd986,14069,14276,-207,False,4,2389,1434,955
e3015880-8e58-412f-bbe4-7ca8ea5f3c1e,13368,12227,1141,True,8,1377,1343,34
e301654d-b605-48c1-85c5-b9ee27265bc4,14152,14599,-447,False,1,2094,1134,960
e30e1e4e-7858-4bce-b117-8d5ad63e56e2,12973,12902,71,True,5,1146,1232,-86
e3163da2-f6a9-484e-86d9-1d06f420378d,11780,12875,-1095,False,1,1517,1351,166
e3236b61-4d5a-485a-bc84-cef9c39d0c81,13416,11690,1726,True,7,2043,1343,700
e3340058-6ff6-44a8-88f7-10e478bb3f67,12100,15075,-2975,False,1,1195,2769,-1574
e33a01d4-87e6-4d14-afc2-9ff4c343cb72,14008,13594,414,True,7,1656,1213,443
e344c82e-de02-41d8-ac03-8dff49360cfe,15442,11911,3531,True,8,2698,1315,1383
e351dba1-9fb6-4ecc-842b-cfce9f0a101a,12412,12568,-156,False,4,1352,1432,-80
e355995d-36ca-4b53-b654-efb98cc839f5,13957,13671,286,True,5,1592,1420,172
e3689f6c-839b-48e7-b0fc-44b9cd8b4930,12974,12325,649,True,2,1412,1260,152
e36c00d0-b821-4474-9a08-5317cc4bd3c4,13069,13999,-930,False,1,1421,1440,-19
e378f712-0a98-4b91-90b5-2acdd53f3e4f,12919,11874,1045,True,7,2042,1466,576
e38d14db-b0a2-4b4b-b173-ff1c32d829b1,14439,14454,-15,False,2,1647,1839,-192
e3948e9c-78a2-45bc-bc2c-1011cbf2e5b0,14278,13063,1215,True,7,1541,1426,115
e3a8d21b-000a-45be-a166-bc16d8510f26,13638,13002,636,True,7,1402,1440,-38
e3aef2f2-9d8e-4f2a-9f1d-8e6825b3f438,13278,11585,1693,True,8,1966,1188,778
e3b7289f-5531-44da-aa57-8c71c81bb360,12890,14071,-1181,False,1,1263,1637,-374
e3b752f1-4ad6-45d0-a4f4-36e75078e7ca,12994,13439,-445,False,6,1484,1373,111
e3bbe28c-5f21-409a-833f-a9bf59d37b15,13173,13278,-105,False,5,2012,2107,-95
e3c52c55-781d-4ae1-bb4f-0db7b0d805e6,15338,13354,1984,True,4,2769,1664,1105
e3d33147-e44d-4cf3-a5a5-b1f724d496b4,13332,13792,-460,False,3,1175,1530,-355
e3dff32e-e4db-48b1-a00a-cd28a61f6c8f,14090,13395,695,True,8,1508,1453,55
e3e6e261-059d-4d8c-b830-78f09ffb301a,12035,15223,-3188,False,0,986,3309,-2323
e3eab9d5-214f-4d53-bc11-5212e55b1837,13843,13688,155,True,6,1440,1873,-433
e3f7af0a-0ceb-4627-be54-e92df9ad92f7,13694,12379,1315,True,9,1326,1529,-203
e408fd97-90b3-4d13-9826-a58b726eff3a,12483,13481,-998,False,2,1264,1258,6
e4110e70-70af-43e7-9f00-406b2d2f4245,12742,12438,304,True,3,1389,1499,-110
e4172736-1502-4e80-a3c5-e4c5bcd0e668,13956,13466,490,True,4,1473,1228,245
e41d0cad-0dea-448f-9108-9f9ce108ef19,12201,11703,498,True,4,1811,1089,722
e4203605-f847-4b9f-a877-c6b280b88916,13881,14536,-655,False,0,1441,1910,-469
e4214898-b31b-461a-abc2-2567d76356c0,13530,13342,188,True,2,1969,1311,658
e4219ca3-5e58-474a-b4a8-7301a5afd027,12217,11911,306,True,3,1894,1577,317
e421f3fe-0614-4c70-8e14-915efd04bd9d,13805,12798,1007,True,6,1755,1499,256
e43d4349-52e5-4cfb-a4d1-9a1aef6776ea,13907,12810,1097,True,7,1364,1382,-18
e4403e27-1a68-4b94-9e3d-4da8d11447eb,12804,13450,-646,False,0,1372,1216,156
e44f9860-37b5-42e7-93e5-1b6582e1f4b3,14515,14198,317,True,4,1289,1249,40
e4597516-56a5-4620-896f-ad652808a5e5,12940,12369,571,True,7,1403,1484,-81
e466a83e-89dd-4205-84db-886636854e46,13187,12019,1168,True,7,1527,1281,246
e46d763a-1599-4f03-bc32-c63e358ec0c0,12905,12386,519,True,6,998,1121,-123
e4714e72-26cb-4855-979a-26709536ccb9,11253,12938,-1685,False,1,1193,1022,171
e473be26-a3da-41d6-b34a-0f427cbeba53,13404,15668,-2264,False,1,2365,2561,-196
e475fceb-45b0-4558-9f12-c202378d0ac5,11741,12020,-279,False,2,1381,1176,205
e478dbfd-8162-443b-ac03-c611a44ce990,14104,14957,-853,False,2,1591,1830,-239
e479bede-d033-4a1b-bcbf-75927c2084c2,13608,13348,260,True,4,1990,1339,651
e47eefbd-90b8-484e-a50b-ea875c4cdba1,12442,12172,270,True,3,1215,1228,-13
e4827195-158f-45ef-bcf1-df1ea0b187e5,16816,11453,5363,True,6,2559,1026,1533
e4863dcd-dd58-4a14-99f5-235db2103873,12348,14974,-2626,False,1,1028,2331,-1303
e48b6471-cdeb-4bd1-a822-5043cea237dd,12603,14688,-2085,False,1,1185,1937,-752
e48df19f-57f8-4005-a2e1-395f9545955c,12767,13273,-506,False,0,1421,1386,35
e49c24e7-5bf5-4b2e-a407-778618675ef4,12778,12703,75,True,2,1398,1547,-149
e49fcd0a-ac3e-444c-815e-5fe1c6f50a7d,12507,11403,1104,True,4,1181,1206,-25
e4a17e1b-b1e1-4a73-970e-4fdc7fb9fc4d,13556,13517,39,True,7,1600,1409,191
e4a278ce-735d-4df3-b895-57ed5f2a708c,12581,13037,-456,False,2,1459,1530,-71
e4aabb03-3d0d-43de-a5d2-291252b59fe9,12469,12259,210,True,6,1347,1430,-83
e4af340f-35b3-4339-a623-2101a2625c0f,12776,14001,-1225,False,0,1634,1497,137
e4b1bee6-ce34-4929-bc1e-39984232053e,12786,13219,-433,False,2,1345,1201,144
e4b502ff-a826-4b1a-9400-67e60805be5b,13566,12601,965,True,5,1486,1424,62
e4dcdc6f-811f-4860-b375-0c7a83748861,12635,13815,-1180,False,1,1266,1487,-221
e4e87384-8914-4bfd-8755-bf04c4f46d4c,15365,12405,2960,True,6,3554,1033,2521
e4ed7c03-7d2d-4257-abd5-09a45682d811,13207,13140,67,True,8,1376,1797,-421
e4f282e0-35bd-4271-8593-5cd31f30b5fa,13511,13694,-183,False,7,1610,2028,-418
e4f2ecb9-21ec-4e31-b9cd-b2e2980571b0,12937,12781,156,True,7,1389,1312,77
e509d11c-46e3-4aec-9a3e-102523c99e3d,12988,13477,-489,False,0,1292,1434,-142
e518a87e-0b6d-43d8-bd0a-a9ce61b0626d,12227,12185,42,True,7,1170,2546,-1376
e51b7c89-1f89-4469-b413-d275879c25b1,13247,13626,-379,False,1,1449,1568,-119
e51c9632-315e-43c0-b17a-2bc076ffb889,13533,13113,420,True,5,1724,1550,174
e54383b0-ffff-4bcd-b8eb-67a30a01629a,11656,13662,-2006,False,0,1486,1531,-45
e54de2bb-22ca-4a84-b12a-d01e9585d7f6,13204,11695,1509,True,8,1780,1124,656
e5598c1d-8c85-4c3d-b05d-a5411e7e8fba,12972,14343,-1371,False,0,1542,1403,139
e55a4b0c-b72b-4c41-9bd4-1b05776b7966,13349,13658,-309,False,0,1317,1408,-91
e55e9430-c09c-42e5-be33-efd3a6fceae0,13988,13801,187,True,5,1459,1541,-82
e5684558-3f3c-428b-b34f-65da00b3c2bb,12492,14362,-1870,False,1,1511,1351,160
e56b9494-0018-4bc8-a7dd-71ab132fc6a8,12639,12101,538,True,6,1422,1305,117
e57ea53a-1ea2-4753-91ac-6a691f5479af,14552,12250,2302,True,7,1524,1389,135
e57ff47e-825c-4db7-8681-216c67dd7028,14066,13809,257,True,7,1425,1363,62
e590fbed-46a8-449e-b5b3-4023fb83c0af,13711,13201,510,True,3,1481,1437,44
e5914484-f7cd-491f-9525-658de045a8b2,11146,11415,-269,False,2,1327,1444,-117
e59604d8-e47c-4506-9862-358da229f43f,14099,12993,1106,True,5,1616,1297,319
e59e08b8-8f4e-4daf-b38f-b43df71caa6c,12456,13066,-610,False,3,1395,1349,46
e5a39e88-0889-4e8c-a993-983b65104acc,11398,12443,-1045,False,3,1166,2098,-932
e5ae8780-cc18-4127-be2e-891c4b2ce7e1,12153,12644,-491,False,1,1228,1387,-159
e5af1f9d-4cd6-4796-9088-2ff49c7bbaaa,13716,13451,265,True,3,2090,1873,217
e5dc6324-7069-4123-a7c4-0200fbf15c6e,13396,14570,-1174,False,0,1375,2133,-758
e5eb485e-43ee-4c2f-9605-410868c690aa,12470,13489,-1019,False,0,1259,1499,-240
e604ce3f-69ea-43fa-8e9c-7067fe5d6ba0,13450,14398,-948,False,4,1213,1550,-337
e6067483-b9e5-448f-a0f8-37227cf4c960,13729,12268,1461,True,7,1518,1280,238
e60898f9-fca1-41f1-a8f1-94e59fd67c62,13869,13567,302,True,8,1689,2195,-506
e61ae24e-e105-44c3-bed1-eb0a93660997,13532,13265,267,True,1,1297,1028,269
e61cdd7b-fdec-4b32-8490-2d0c6b4ffdbb,12437,13281,-844,False,5,1608,1232,376
e621aae4-eb59-437d-a53f-159dbc0b59be,13244,13170,74,True,7,1286,1827,-541
e62585bb-fd42-4394-9cd3-7e6db04d1752,13708,13301,407,True,5,1560,1276,284
e63bf2f4-6213-42d3-afe4-bcedbd8075e9,12903,13767,-864,False,3,1890,1410,480
e65c585b-3a27-40ba-ab09-d3bfd699fbd6,12381,12781,-400,False,5,1514,1849,-335
e65d3839-a8e1-47de-b3de-e21543dc7d43,13214,13241,-27,False,3,1391,1261,130
e669a139-c301-49a2-baec-cb6e97824f7b,12476,13383,-907,False,3,1236,1779,-543
e6719f72-e324-468f-b4ab-90882af28062,12243,12671,-428,False,3,1321,1358,-37
e6728b90-0534-41fe-94b7-0106437c1f42,13391,12424,967,True,8,1186,1577,-391
e683551e-36c1-46bb-9da6-29885bc9ccd3,13430,13698,-268,False,3,1522,1690,-168
e6892f3e-f075-4314-b986-5fec7e121949,11629,12849,-1220,False,3,1178,2042,-864
e68a00f7-c429-4cd2-b22c-d52dfcf919aa,13458,12773,685,True,7,1109,1188,-79
e69207eb-0546-4eff-beeb-1adfc3c77ba7,13225,13066,159,True,6,1511,1382,129
e6a77fc9-40d9-4137-896e-e6fd445b9a9d,13489,14696,-1207,False,5,1291,1977,-686
e6b23c47-48b0-4ca6-b610-85e188023ad6,11580,10925,655,True,3,1075,1311,-236
e6b98042-f9bc-404e-b23d-82fb7a24ea3d,13536,12793,743,True,7,1955,2027,-72
e6bc4620-ea66-4eef-9d29-9619cf1ea41b,13023,14776,-1753,False,0,1324,1466,-142
e6c2a0c8-b0f8-48e7-8204-ceb457fdbec4,12153,14112,-1959,False,1,1378,1502,-124
e6c7c1ee-3213-4ba3-ad1f-6f21cbb64184,12807,13081,-274,False,1,1498,1463,35
e6d2b17b-9345-431e-94f8-a7e7557ff5b3,13219,12781,438,True,3,1270,1458,-188
e6dbad31-4f86-49b9-9c3d-78532be0ea46,13870,12631,1239,True,7,1548,1237,311
e6e0d876-5f0f-428f-b4bc-e9b7034ac5bb,13608,12017,1591,True,7,2140,1024,1116
e6eeebce-dd30-4c7c-a606-0f3878158037,14418,11691,2727,True,6,1062,1680,-618
e70087aa-25b5-43a7-b738-94e0af235fa0,11177,11913,-736,False,1,1088,1396,-308
e7008d7f-7138-48a1-9ce9-846c82169732,13430,13123,307,True,3,1698,1504,194
e70a5968-0981-4550-aa92-81ea2685bbc8,12306,13380,-1074,False,1,1319,1322,-3
e7268176-d511-4990-8148-3598a717026d,12721,13838,-1117,False,1,1275,1448,-173
e730278d-0d4c-48a9-b175-41ef23a7a5b4,14881,13583,1298,True,8,2010,1154,856
e73a5651-1784-401b-8747-1036768e800e,13161,12927,234,True,8,1609,1427,182
e746c8b0-78bb-47dc-81df-714bfb23892d,14512,14696,-184,False,4,1464,1518,-54
e74b5b24-d1a8-4e07-b9d2-43b7db3e2485,11793,11840,-47,False,4,1281,1516,-235
e74db461-e17b-48f5-9e2e-d6ea7bf4bdd2,12039,12110,-71,False,4,1210,1214,-4
e75c9130-7021-4b84-ae63-49244a8931ed,12686,13310,-624,False,0,1466,1570,-104
e75fd3ad-c72b-418a-91bc-682f3347105a,13862,12621,1241,True,8,1334,1694,-360
e768a289-0876-4527-8afc-8b87393e7163,13267,12177,1090,True,6,1381,1788,-407
e7725b29-3ce2-4933-9632-a5d5cf17700c,12190,13089,-899,False,0,1396,1240,156
e7809f41-c7dd-4163-af60-c0e0338d8269,13667,12609,1058,True,8,1536,1559,-23
e795bed3-be41-4df7-aabf-4c64fdef357c,13416,13801,-385,False,2,1792,2211,-419
e795bf10-047c-4e36-a6a5-9ad3e446e5db,12608,12730,-122,False,1,1336,1198,138
e798c5c5-4a12-4df1-a029-a6235bfd6fb1,13673,14556,-883,False,2,1343,2310,-967
e7a1b46f-75db-4f4d-8d20-15d90dccdad5,12816,13541,-725,False,3,1236,1921,-685
e7d68230-8234-4747-b0e4-7d2e0f79c31d,13878,13194,684,True,7,1448,1610,-162
e7d771ec-45a7-41bb-aa43-7cdecfe6e3cc,13766,13604,162,True,4,1824,1522,302
e7df23d2-21e7-4fd0-bd87-f87576d3b712,13967,12877,1090,True,8,1181,1484,-303
e7ea5ab2-54db-4e69-ba0d-76b8e3d6c9bd,14837,12866,1971,True,5,1577,1551,26
e7ea9676-52bd-4eea-9261-2c03bc861633,13562,14342,-780,False,2,2161,1330,831
e7ed05ce-9e80-417f-821d-d825dedcf9d9,13863,12718,1145,True,6,1906,1297,609
e7ee0ce8-bafa-4abf-8b42-4713fb265d52,12004,11687,317,True,5,1310,1257,53
e7fb18d5-ea36-4eb8-bef0-746f15ecfa9a,13166,13223,-57,False,2,1263,1626,-363
e7fe58ac-313e-4973-9266-0f51e8254220,13576,12493,1083,True,7,1471,1255,216
e80c661a-d694-4620-8502-08a6cbc93185,12498,14072,-1574,False,0,1674,1244,430
e80e32f4-8f0f-4dad-bf9d-9266cb607704,13471,13183,288,True,7,1443,1508,-65
e810cd12-da89-41b1-b271-f8c2827ec034,13162,12843,319,True,2,1154,1432,-278
e812b47d-53d4-4a75-ad60-f21496f4d38a,12625,13481,-856,False,2,1436,1423,13
e8151e8c-8631-4000-9956-5efe40d21659,14344,13232,1112,True,8,1622,1433,189
e81a22ef-f5dd-4f6d-8ad2-555f3e4fd54c,12697,11783,914,True,8,1260,1489,-229
e81d24c8-460d-4c90-b4da-55eb8fdc8d51,14265,13651,614,True,2,1850,1400,450
e81ee43e-afad-4403-b99e-c1a355dfc7f0,13232,13557,-325,False,0,1494,1775,-281
e81f0db3-7b22-45c3-8e83-6958c1696c38,13635,14322,-687,False,2,1351,1404,-53
e826e1ee-86ba-484a-a647-ee0779fa61f4,12361,11767,594,True,6,1322,1599,-277
e836ce4e-382b-464f-bc52-ac556e95ff86,13465,13795,-330,False,2,1326,1390,-64
e84b2308-b432-49dc-be04-257eb4fa3197,13665,12689,976,True,3,2341,1207,1134
e866e728-c32a-4c8c-92a9-98d8dd71f89e,13290,12306,984,True,8,1580,1188,392
e871071f-42c9-4978-b675-10cb7e230e68,12873,13282,-409,False,0,1453,1525,-72
e87d1e10-9ced-4513-bcbd-72a9324c2f5d,14452,12354,2098,True,7,1965,1149,816
e87eec43-a7b9-4f3a-818e-6338efdeb274,12424,13396,-972,False,2,1559,1796,-237
e88644b6-8082-44c9-956c-a6f95aa98cc3,12772,12499,273,True,7,1183,1419,-236
e887a84e-31e9-4b59-8ae4-f97d55ffc34c,12455,13892,-1437,False,2,1515,1819,-304
e88b7b50-792c-45c6-ac7d-ab3f4074982c,14263,14012,251,True,5,1170,1656,-486
e8941876-df65-40d5-b73c-3b77939abd67,11993,11188,805,True,7,1188,1444,-256
e8985991-0d1a-4891-a474-63b1f7009139,15115,14004,1111,True,6,2323,1820,503
e8a39cbb-d151-4ae6-bae6-61441242845d,12071,13093,-1022,False,0,1252,1229,23
e8afa692-0c32-4eba-a81b-8e38345287aa,13034,13854,-820,False,5,1189,1228,-39
e8b85a3c-b85b-4c7e-9c9b-5c9010c7c073,14292,14290,2,True,4,1650,1730,-80
e8c02b18-dd36-4870-a514-b5ad987bd938,14248,11932,2316,True,8,1827,1438,389
e8c09981-3061-4c6e-a3cd-8c01043cd001,13773,12383,1390,True,8,1620,1041,579
e8c58e96-de20-4a1d-9c78-73edc0322630,12749,12405,344,True,7,1345,1101,244
e8c65c9d-b27f-49bf-9bbe-54525173f404,14237,13053,1184,True,8,1897,2027,-130
e8cdb3e2-5059-40ef-bdd6-2838c567e1d7,12671,12343,328,True,6,1412,1434,-22
e8ce021d-a775-4843-85ba-ea8e66567078,11940,11550,390,True,8,1209,1227,-18
e8d895bf-ad10-4d1c-88cf-d3f3c2fbe06b,12256,12254,2,True,6,1304,1476,-172
e8d8d8d8-130b-49bf-9e86-605f948c13e4,11531,13186,-1655,False,1,1330,1409,-79
e8de9b30-21f2-4266-9c8b-a0811945a978,12603,13518,-915,False,6,1303,2017,-714
e8e1b8bf-35c5-44d6-b262-55ab8effc3f1,13359,12805,554,True,4,1711,1364,347
e8e5479e-d977-4d19-8760-8c5d4ec0fc86,15488,13726,1762,True,8,3183,2035,1148
e8ec8fd8-86e9-412b-93a1-9f7fe906600c,13062,13115,-53,False,1,2378,1544,834
e8ef20f5-d0d5-412d-8d8f-99e8969874f5,12667,13032,-365,False,2,1469,1554,-85
e8f55764-a591-475b-b220-f79f665c2307,13040,13604,-564,False,4,1404,1574,-170
e8faa029-9211-49f2-82d8-68ff11d21784,13967,14345,-378,False,0,1737,2058,-321
e8fb2988-2985-4a5a-847d-72f917a7e971,12817,12836,-19,False,5,1232,1742,-510
e90cea9e-46ec-46ff-ba54-aa142b036584,14208,13024,1184,True,5,2428,1293,1135
e9135569-14a6-41c1-93ad-27bec69ce985,11892,12882,-990,False,3,1301,1398,-97
e9143abb-8269-4aec-8efd-c9332619f2fb,14526,13030,1496,True,6,1194,1883,-689
e91de028-16ea-41bd-8c64-9ddd57fc4143,12752,14061,-1309,False,1,1387,1524,-137
e925805b-ea41-457a-b625-b7f5ffd3f1b0,13085,13478,-393,False,2,1635,1729,-94
e925e203-ca9b-4bb9-a137-5ade5f5f992c,13157,11955,1202,True,8,1540,1330,210
e93256dc-c7ea-458d-8839-39f14367067a,14955,13761,1194,True,8,2126,1517,609
e93460ea-e732-4c69-8b34-4967bfe5a97b,13095,13687,-592,False,2,1459,1782,-323
e93783fb-ab4d-4e7c-8f80-43bf5b5c0086,13487,12519,968,True,7,1396,1554,-158
e937a335-4fb5-4c3a-b3bd-7f65847482f6,12387,14281,-1894,False,0,1484,1658,-174
e93b5633-9767-4234-b78f-ec9178b0230e,15043,13873,1170,True,5,3041,2252,789
e94dd94e-9f4c-4787-b830-206bc374d637,12882,13211,-329,False,5,1311,1545,-234
e9625ae7-1d7e-49ff-82e7-56a2460e093c,13622,12726,896,True,2,2145,1212,933
e96e9197-b310-40f9-a985-110009a9ff7f,12621,13699,-1078,False,2,1577,1201,376
e974c3d7-5126-4bbd-8991-04dd12e94762,13047,11625,1422,True,8,1423,1145,278
e9759b62-395c-41d4-afc9-f5081b79d25f,12875,13481,-606,False,0,1621,2178,-557
e975fd67-0003-4b73-b358-d51584d49e05,14084,12986,1098,True,8,1547,1295,252
e97eee83-557c-4df8-ac6f-b7641bd6fdb7,12579,13676,-1097,False,3,1282,1456,-174
e985ce99-14e1-4bd1-ab33-8025db5b495a,14174,12403,1771,True,7,2377,1132,1245
e985f89d-23f4-4b1e-8abc-7ee9e86d45bc,14033,12004,2029,True,7,1433,1300,133
e992221f-61ce-4370-a5b4-539f3345f556,14740,13098,1642,True,8,1398,1645,-247
e992967f-6e9a-45eb-aa00-f825be0de735,13596,12473,1123,True,9,1495,1073,422
e99a393b-d188-492c-84cd-186e977beafd,15409,11691,3718,True,8,1800,977,823
e99a57ac-0539-4c08-a6f0-041b39c808b7,13061,12875,186,True,7,1515,1655,-140
e99b4a40-8bce-4e1f-838c-6aefd0b932c8,13975,13457,518,True,5,1588,1610,-22
e99ca15b-01d5-4c45-8b24-f9e1377332f0,13715,13542,173,True,3,1697,1387,310
e9ab3f7a-c328-4098-b25c-f7a36ed879b3,13462,13445,17,True,7,1331,1430,-99
e9aff7f8-8972-4a32-bdf3-02dfcae30c13,14283,12691,1592,True,7,2384,1411,973
e9b1f386-f0cf-4d9c-a896-c559417acb82,13931,11638,2293,True,8,1926,1541,385
e9b4b6cc-572d-4fe8-b985-c6cd77e47ca9,13607,13374,233,True,6,1265,1292,-27
e9b6ef97-c84c-4013-a6d3-2fce764a91a7,13058,12527,531,True,8,1382,1389,-7
e9c76551-ee9d-4465-92f0-fd901c0013e3,11051,11864,-813,False,1,1370,1246,124
e9d15eb4-8482-465c-b9f6-e38d05990466,11334,12930,-1596,False,3,1348,1475,-127
e9d1d3b8-4ba5-4887-ba2e-fcd5d1962cf7,13295,14276,-981,False,3,1723,2528,-805
e9d665d5-4087-4132-9bc8-2f66dfd49271,13431,13470,-39,False,5,1246,1454,-208
e9dcd7cf-b5b1-4fa3-bc5b-924b3a7aae05,11604,11752,-148,False,3,1013,1109,-96
e9e43191-d8e5-47c3-bc27-f15c377c4d2a,12797,12072,725,True,8,1566,1254,312
e9eac757-8811-4a6e-ba45-42e55ce3f3bc,15219,13730,1489,True,3,2150,1976,174
e9efeaca-3a1c-4849-82bf-f8c4e0b4b177,14084,13349,735,True,4,1862,1496,366
e9f46c9a-8206-46b0-9fe0-571dcea0a7b7,11844,12002,-158,False,3,1281,1144,137
e9f51cf6-971d-4fcf-9f14-72f5ebe1002e,13089,12941,148,True,1,1726,1447,279
e9f6b0c6-713f-411f-b2a8-f38051996e6f,12836,13401,-565,False,0,1644,1286,358
e9f81f1d-e47a-49c0-a7f0-4725e7d078ec,12422,12396,26,True,4,1201,1418,-217
e9fd6b75-7b6e-4165-8816-378f1218e334,12830,14049,-1219,False,0,1386,1731,-345
e9fd7409-73ce-4125-bd7b-5312ffd4880e,13489,12116,1373,True,8,1474,1517,-43
ea09e184-f8b0-4a37-9e3d-06a9a2a4aa42,11831,13933,-2102,False,1,1388,2127,-739
ea0ff65c-50e5-401e-bc2f-92c3a65ca866,12567,12966,-399,False,1,1525,1350,175
ea14a5f4-7fc2-47b7-92bb-dd63f82f650d,12877,13367,-490,False,2,1321,1536,-215
ea19de88-e403-4c70-b415-c48e8c0e85f1,12092,11863,229,True,5,1199,1674,-475
ea1f0822-2964-4f1c-93ae-8a0607451ddc,15252,11920,3332,True,8,1249,1461,-212
ea25f268-d974-4207-812f-a77ec07401fd,12740,14333,-1593,False,2,1591,1671,-80
ea2aab63-8000-4d30-9acb-dd2fbd3d05ba,11811,13630,-1819,False,2,1164,2056,-892
ea3f70bf-4ff4-4206-83df-e3e94d3eb6e5,13309,13896,-587,False,1,1421,1517,-96
ea4219fb-667c-4ad8-83c0-aaa951d9e5ac,13234,13518,-284,False,3,1538,1422,116
ea4a8058-abd2-4375-99e4-c7288a54939a,14718,12859,1859,True,8,1525,1651,-126
ea4a9814-1ba9-4eaf-a615-a2488ac5fc0f,12746,14437,-1691,False,1,1428,1722,-294
ea53e1ca-043f-42dd-8940-90bfdfd477fe,12356,13644,-1288,False,2,1067,1451,-384
ea5b2ce4-ee08-4ccb-b6ee-9faedbccdd52,13583,13392,191,True,7,1744,1527,217
ea5babf0-1ebd-484c-bafa-37788e894df7,13456,13149,307,True,4,2117,1421,696
ea64e438-2fea-4d12-82bf-c63176fe9262,12129,11684,445,True,3,1674,1112,562
ea7517de-4a4c-4544-8515-419a4b2195a4,15297,13258,2039,True,4,2250,1187,1063
ea7f8e5f-1f79-462f-a5be-21d5a73b1025,12903,14489,-1586,False,1,1608,1470,138
ea885833-12dc-41c5-a5ed-72e3e424389a,13421,12809,612,True,4,1946,1167,779
ea948e88-0731-45b2-81ec-7b9c6c219ac4,11988,11374,614,True,8,1261,1288,-27
ea961959-cbdc-4f73-b091-4945f47623d4,12778,13324,-546,False,0,1223,1576,-353
eaac3abd-4de9-40dd-b309-f4f7ac3e2930,12492,12136,356,True,10,881,1035,-154
eab1e708-162f-4863-a792-e0ad30d58d49,12408,12284,124,True,6,1265,1329,-64
eac13635-fa98-4f55-8357-0f5d4c336b06,14167,13317,850,True,6,2199,1540,659
ead2c204-19a2-48a1-a834-64d3aa9acb7f,13065,13273,-208,False,3,1713,1495,218
ead582e4-6a2b-456c-844e-c58bb5ed6cc7,13044,13285,-241,False,3,1567,1436,131
eae81cfd-ae49-430b-8641-f9d0710816e6,11742,12324,-582,False,0,1394,1347,47
eaed1389-811d-418b-8168-87ee7c33d2a8,12728,12301,427,True,8,1412,1248,164
eafc2099-732a-44cf-bad5-e75a1a4f7692,12170,12903,-733,False,1,1691,1337,354
eb095366-a100-4e3e-b5ca-05568b64d796,12518,14521,-2003,False,1,1216,2283,-1067
eb1c7fe4-e85f-4374-9385-dcd207a1b988,12026,12106,-80,False,1,1370,1417,-47
eb27884e-7662-48e3-8fbe-6a721ce614a0,12885,12811,74,True,3,1481,1721,-240
eb3b62f1-f7c4-45ad-a610-a40d53f8369e,13668,13441,227,True,6,1585,1413,172
eb3f9078-9b57-4ab2-ad21-efb4c697cad7,14816,14067,749,True,4,2457,1557,900
eb3fc536-b66b-4a02-9d36-f0e4db84431d,11887,11035,852,True,7,1128,1347,-219
eb40069c-7687-45cf-9ff7-ed25c3230913,11994,12492,-498,False,3,1090,1766,-676
eb47b6ef-dd19-42a1-af00-cd2b96880976,11975,12225,-250,False,1,1235,1345,-110
eb4f6fb1-e7a7-4615-8eec-723145928529,13304,12056,1248,True,8,1472,1007,465
eb545bc3-ad7f-4523-9196-6ed4f57e622e,12767,13147,-380,False,6,1090,1513,-423
eb559216-067e-4925-9bc3-4ed3f5cdef10,10899,11778,-879,False,0,1221,1513,-292
eb5a4610-d897-4b7e-b6d0-687e9755ada2,13131,13936,-805,False,4,1341,1830,-489
eb62f00c-b56c-4bf2-9b8b-f7f6db42b645,12617,12447,170,True,4,1494,1309,185
eb634825-9bef-403e-ad4e-ace3ca45164c,12843,14075,-1232,False,1,1631,1311,320
eb6f73c5-7df4-49b9-b5a9-b7797d31e9b4,14412,13183,1229,True,6,1633,1436,197
eb7cc970-8237-45dc-8430-38c410ca7357,12743,13185,-442,False,4,1560,1768,-208
eb7f6f9a-b5c6-44ec-a117-34c028f9af52,12462,12184,278,True,4,1312,1282,30
eb8eefaa-94df-470f-99e4-de8f442c36b4,13257,13381,-124,False,5,1252,1751,-499
eb949780-0e2e-494c-ad69-4a5b05a0db68,13047,13699,-652,False,1,1585,1762,-177
eb9aa78d-f06d-4cd5-ac29-5116ffc72f66,13836,14611,-775,False,3,1385,2138,-753
eb9af866-a4bd-43c3-ac5d-93b688547e3e,14056,12687,1369,True,7,1732,1221,511
eb9da2fd-10b6-4980-a9c1-03480392147b,12378,14079,-1701,False,2,1416,1928,-512
eba2d3dc-d5f1-40ab-994e-13b977859b34,14013,13301,712,True,8,1203,1396,-193
eba3b2b1-f0bf-47d1-807c-36ce3c3349cd,13320,12774,546,True,4,1601,1289,312
ebb2c3aa-e29c-49dd-b760-3769383e0f5d,12512,14381,-1869,False,3,1394,1814,-420
ebbe2267-0f45-4f6f-97fe-f1e7b087e6e9,13684,13424,260,True,3,1249,1432,-183
ebd5b887-3e98-49f1-9baf-551d395be2dd,12633,13055,-422,False,0,1749,1484,265
ebe38902-ff43-42a0-9f09-b63f5a42f8c0,13840,12374,1466,True,8,1723,1246,477
ebfa32db-6d94-4253-9f74-4dd72431bfab,11896,10852,1044,True,7,1756,1236,520
ebfd5c6c-95ce-4646-9a94-2be6588707e2,11994,11898,96,True,2,1431,1193,238
ec031f49-16e0-46df-b32c-467953490bb2,13300,14491,-1191,False,1,1542,1644,-102
ec09e81f-f191-46ec-86ce-d5db908fa1ce,13052,13402,-350,False,5,1435,1256,179
ec0f9316-07fa-41ab-8881-5f29aa6faeef,12759,13198,-439,False,1,1422,1499,-77
ec14af93-5f0b-4b58-b8f2-64bbc13da44c,13844,15395,-1551,False,1,964,2721,-1757
ec1ba454-12e1-42db-871b-154a15a5643d,13195,12941,254,True,8,1402,1666,-264
ec2166a9-c95e-46e1-b02b-ea3e1da30f81,13985,13866,119,True,8,1201,1892,-691
ec2e8a2b-4212-4ac4-9c18-f413a4cf1c03,11691,12266,-575,False,3,1260,1596,-336
ec3fabb7-6fb3-42ac-a2be-880443323963,13749,12587,1162,True,7,1476,1617,-141
ec46739d-124e-4f12-8853-d080b2261850,14026,12467,1559,True,8,1602,1551,51
ec46d1dc-39de-4fc9-a7a8-f67dfc49c9f3,12041,11391,650,True,3,1271,1179,92
ec5381e6-b57d-4467-8185-6f96e51daff9,11890,17662,-5772,False,0,784,3185,-2401
ec5ac7cc-c062-4177-bdad-59a1fc391a99,11830,12463,-633,False,4,1462,1344,118
ec6ef105-12da-4d50-ac6e-612946b0fc9e,13325,12979,346,True,4,2011,1472,539
ec717ec2-3c2e-499d-b233-a0348f667451,14065,12745,1320,True,4,2154,1363,791
ec8eebd9-c46f-413f-afae-cd2e13dcbc62,11951,12060,-109,False,4,1368,1389,-21
ec91dc49-eac8-4b48-b8bc-63b10bbb1a6c,14856,13422,1434,True,2,2344,1620,724
eca4a283-6a73-4e45-8d49-8df98e17bbdf,12940,13211,-271,False,1,1749,1375,374
ecbc5fb2-911b-47cf-87e6-ee7d19b46d94,14683,12457,2226,True,8,1819,1207,612
ecbf4b11-3fb7-43fd-a481-b4e6fabe2a94,11336,10853,483,True,10,1246,1370,-124
ecc445ba-a428-44a0-98a4-a3237ff39ee7,11600,12349,-749,False,0,1193,1449,-256
eccb48a1-6d3c-4355-81b3-8ce17be30975,14463,13169,1294,True,8,2143,1324,819
ecd1294c-7030-4a51-825f-762969cd10f2,11819,12196,-377,False,4,1606,1202,404
ece66f7b-8bac-48b1-a6ed-c251ccfd1663,14237,12052,2185,True,4,1388,1394,-6
eceb0347-118b-4f16-9b60-11d5a23dab54,15691,14779,912,True,8,1311,1303,8
eced189b-ebdd-4548-aed6-a3db4e39e72c,13408,12578,830,True,7,1403,1144,259
ecfc49d9-0e0f-4d60-9d3c-91f6583b652f,13247,13574,-327,False,7,1564,1117,447
ed098e11-7942-4145-8741-c627fe22b641,13566,13718,-152,False,2,1770,1510,260
ed0e232a-33f9-4f46-bdde-388d88fae028,11682,11936,-254,False,3,1309,1341,-32
ed16ed53-510b-4865-9645-b8efd4767df5,13206,11750,1456,True,7,1834,1152,682
ed2d3247-3fe1-4d65-9b0c-8b3735cb00fa,12886,13181,-295,False,2,1413,1234,179
ed2fc440-d277-42ec-acc8-7fc90ae36d4e,13665,15122,-1457,False,0,1381,1825,-444
ed39bf93-75a3-4eed-9361-ba17c181f0ca,12520,12085,435,True,5,1610,1450,160
ed3a3e40-de92-4ad7-81af-6e9499de9dae,12944,13327,-383,False,0,1820,1349,471
ed3f9559-fb5f-410a-8721-5026d5eead41,13145,13455,-310,False,5,1444,1425,19
ed421312-0628-497c-b1c8-7963dba6bcff,12530,12303,227,True,6,1326,1649,-323
ed5f1c48-6368-4443-bb38-e35ea1694619,14227,12631,1596,True,8,1400,1302,98
ed6eab27-3504-427a-9c93-4ad1eec55bdf,15738,13069,2669,True,6,3122,1449,1673
ed706459-41aa-47d8-88a9-bc5a54feebbc,13195,12001,1194,True,7,1915,1429,486
ed716367-2b58-46cf-a751-3dd07a870b6c,13392,13181,211,True,7,1453,1484,-31
ed7db7bf-33e0-448b-aa5d-2e491b3f4308,13420,13789,-369,False,3,1636,1664,-28
ed7eed0f-e5a1-40de-850e-a7752daf66ba,12642,13678,-1036,False,3,1149,1153,-4
ed88895b-af3d-4ebb-b81a-d8d8bed40ce1,13420,13382,38,True,7,1098,1666,-568
edb0a190-3897-4610-af24-c36a529a391f,13470,12882,588,True,5,1554,1593,-39
edb66bb9-dd63-4789-b1b3-5ad90859037b,12612,11876,736,True,7,1387,1504,-117
edb9ca25-ff64-4f7c-8afa-46649af90df2,12899,12827,72,True,8,1461,1596,-135
edbcea26-ab55-4f2a-b627-41b57fd73ea3,13260,12506,754,True,8,1739,1466,273
edbeae6e-0571-455a-98d0-ed0d0e350239,14419,13067,1352,True,7,1993,1217,776
edc98eb3-6838-4d0c-895e-f52fa7494325,13203,15223,-2020,False,0,2194,1183,1011
eddcbf80-e7d7-4729-a0f1-c6668d90e8e3,12642,13185,-543,False,6,1202,1988,-786
ede0ef11-77c1-43b2-bc6b-bea99f9445ca,12984,12859,125,True,6,1196,1729,-533
ede4233e-0365-4a70-8db0-dfee26ebec61,13478,13083,395,True,7,1625,1782,-157
edf77696-cd3f-4f5e-9b9d-5382af36a187,12219,11966,253,True,4,1325,1252,73
ee0ce865-25cb-4e7c-9399-10306c36457f,13943,14151,-208,False,2,1509,1719,-210
ee0e03ee-dff6-496a-85e7-21ca87611051,13563,13769,-206,False,2,1582,1638,-56
ee133d3a-e8f0-420c-b412-bac1fad3729f,13087,12747,340,True,8,2005,2338,-333
ee16306e-926c-415d-9718-d4da40d88d8c,12954,13377,-423,False,1,1606,1430,176
ee181cbd-4000-4042-a3d1-af8542677dde,15352,12459,2893,True,6,1678,1550,128
ee2037da-3e06-464a-a737-1259d8a7a4f4,12888,14499,-1611,False,1,1520,1299,221
ee31a5ff-84c2-4ae5-9462-dc736cbe95bc,12608,13860,-1252,False,0,1533,1473,60
ee32a39f-db41-4b11-a23d-10d1230888a8,12789,14184,-1395,False,2,1262,1713,-451
ee47b388-0d5b-47b8-90be-a27b3fe4cbc1,13202,13647,-445,False,1,1899,1549,350
ee4c829f-084b-4a25-a660-f3aa0b9551a2,13430,14037,-607,False,4,1366,1541,-175
ee53b81c-00be-4e68-9218-4d7915bfdfb8,14264,12426,1838,True,6,1756,1166,590
ee541dbe-9042-4999-85e9-dfad392d07e3,12501,11032,1469,True,9,1164,1225,-61
ee5ebe42-66df-493c-b01b-4f76c0ad7d83,11611,12086,-475,False,0,1440,1150,290
ee64fda1-2c00-43ae-bf16-a745174acf34,14233,13811,422,True,6,1744,1563,181
ee6676db-cc1b-465d-92e0-fb11ef417fdb,14647,12777,1870,True,3,1492,1611,-119
ee6ee573-31a3-4d0d-bcc7-6574a11b4ffb,13742,12893,849,True,4,1417,1580,-163
ee7c0fdc-cd98-4607-8aa5-8d8a1591ff0a,12495,13866,-1371,False,0,1425,1828,-403
ee7dafcf-5abf-488c-a3a6-06b92118c0a8,14488,12488,2000,True,8,2018,1596,422
ee81368b-ff08-4fb8-9df0-03f8f2c93b30,12818,12776,42,True,8,1386,1681,-295
ee891bb8-7cd7-4441-8928-bc58ee05cd54,12792,13640,-848,False,0,1498,1701,-203
ee952033-d1f1-4330-aca0-4c754641d69d,13716,11946,1770,True,6,2422,1339,1083
ee9e0f50-39b9-45fd-9baa-f986147afef5,14043,13706,337,True,1,1847,1115,732
eea10779-7689-46e8-8b0b-d557c83436c2,12797,12002,795,True,3,1624,1363,261
eeaffd2e-a7fd-4b3b-8e95-eb068b396450,12866,12768,98,True,5,1394,1193,201
eeb8fcac-8402-40af-b53f-78f29a9e03c2,12774,13977,-1203,False,1,1005,1110,-105
eed3277a-5965-4687-a7f1-f2509f4e4603,13558,13288,270,True,8,1396,1620,-224
eed7bd0a-61e2-464a-b9e6-19dc8d8db1c4,14117,13519,598,True,5,1673,1576,97
eedbf997-0947-45c5-a80e-b0d6ebcd0843,13221,11627,1594,True,8,1337,1098,239
eede3bd9-c333-4486-a850-67a8818a3283,12501,13727,-1226,False,2,1366,1466,-100
eede4d84-a382-48d1-b3a3-964c9ee37d13,13063,12732,331,True,8,1355,1374,-19
eede4f86-904e-4c97-aa85-f0f08a996ac2,12815,13711,-896,False,0,1552,1507,45
eef4b28a-8424-4453-9088-eb09e73adad0,13873,13856,17,True,5,1699,1393,306
ef06f7f3-4898-4478-bd00-b21ed5847c42,12494,13936,-1442,False,4,1367,2052,-685
ef0e44d1-d8f0-4306-a2b9-0baf0b5154b3,13575,13868,-293,False,3,1508,1647,-139
ef0e7a36-8229-4124-9963-6f1ad1e0b497,14192,14323,-131,False,0,1968,1785,183
ef12b312-2422-4222-9c03-6808ea4fbf40,13759,12395,1364,True,8,1517,1133,384
ef181f48-7e7e-4b35-bbfc-6591e1b6d37f,14888,12839,2049,True,7,3102,1887,1215
ef1b9d75-67b7-437c-911f-658888400d76,11997,13211,-1214,False,0,1389,1296,93
ef31f478-5f0d-4e70-9568-1036a3c4cb49,14384,15147,-763,False,0,2029,2090,-61
ef3275f6-ecda-4932-9469-c0cb51035f72,14499,14821,-322,False,5,1350,1853,-503
ef3343ba-263f-41cd-9a51-11fdd2f66c17,15454,12035,3419,True,8,1703,1471,232
ef35b8de-2c19-4fb4-8fa5-784d30474796,13851,11537,2314,True,7,1699,1473,226
ef393e4b-7e60-43a9-9672-8d1e3ce60e47,14613,13529,1084,True,8,1868,1789,79
ef403ddc-fde8-44a6-b071-ec9867ffb411,12970,12933,37,True,3,1506,1250,256
ef48396c-0bde-40ee-a987-0327dc31ed64,12398,15643,-3245,False,1,1077,4057,-2980
ef494e38-7d26-4406-a658-14924e4521dd,11606,12431,-825,False,0,1161,1279,-118
ef4b8e4c-7075-4ff1-8608-a469201be686,12760,11336,1424,True,8,1425,1361,64
ef4f689d-413d-4396-b34f-4ad047b649f1,14120,13966,154,True,6,1591,1699,-108
ef50f127-3c14-43d7-a036-66b4c696dd41,13904,13183,721,True,8,1828,1293,535
ef5a6018-ba58-414e-9ff4-203a8e09313d,11127,13438,-2311,False,0,926,2573,-1647
ef828b8c-f909-409f-9d85-c54fe894d09a,12700,13093,-393,False,1,1539,1615,-76
ef861906-8cd4-48a0-90e8-56d28a433b8c,13078,12174,904,True,8,1577,1428,149
ef8ce841-f8cc-4bb1-8ee3-8887184138cc,12677,12670,7,True,1,1525,1334,191
ef8ec372-68de-4a91-8f59-8b3872d81edc,12878,13750,-872,False,1,1354,1598,-244
ef93caa7-48f2-470d-9776-9f605bf4d129,14516,13861,655,True,7,1711,1596,115
ef9d26b1-0969-457c-94a5-b1b131296ca8,13773,14359,-586,False,2,2097,1668,429
efadb0e3-0fbe-42e4-8bdc-5443b198b2e0,14365,13009,1356,True,6,2242,1458,784
efb6a51d-9ffd-48a9-b3c5-96818178e821,12529,13615,-1086,False,0,1355,1525,-170
efc29f3f-c3b5-4282-b3e5-97a1d0cdc094,12520,14667,-2147,False,3,1404,2229,-825
efc3eb36-ed54-4af5-b00f-7157bf5233e4,12333,12388,-55,False,1,1062,1207,-145
efcc381a-5b0b-496a-8b4a-278472fe9ead,13919,13381,538,True,6,2064,1550,514
efd1552b-83d3-4709-b1ee-3fce75437f8c,12916,14041,-1125,False,0,1291,1392,-101
efea5cc6-bfb7-4220-bcc6-0a02d0448ec0,14698,13086,1612,True,8,1586,1285,301
eff0d1dc-68af-4858-a0ef-d6720a439769,12776,14345,-1569,False,1,1522,1536,-14
eff67b0a-074e-4f11-9dfc-19eb6d3b651d,13150,12766,384,True,8,1689,1171,518
eff8b423-5cbd-474c-a5ff-a2d79f12d910,13565,12540,1025,True,8,1346,1345,1
f00476f9-347c-4dc9-bd91-5b235fff3dad,13513,13278,235,True,9,1272,1622,-350
f0057725-a6f1-4ba0-9b58-2b423ebca0c0,12866,14209,-1343,False,1,1413,1757,-344
f007cfc2-75cc-4fc6-b99e-5a90db09a988,14265,12902,1363,True,9,1951,1590,361
f018c247-922e-46c9-ba7f-34522f9ddaa1,13862,14243,-381,False,1,1825,1257,568
f018de3e-a27e-4272-ac6c-81800f7f88a3,13979,12619,1360,True,7,1725,1196,529
f01f4e74-e485-405f-ac33-8d3200cba379,13948,13337,611,True,3,2687,1546,1141
f023ff9f-fb64-4ca7-9b8e-c6be118d8299,13070,12180,890,True,6,1422,1257,165
f02bdc71-3d0b-4889-bcd8-e3cdb4da87ce,13754,13286,468,True,6,1394,1436,-42
f03255e9-a411-4dc1-869a-b94de6d69960,13074,13792,-718,False,3,2253,1407,846
f0326326-6845-4e16-a0ef-6ce7b5e0b228,14391,12640,1751,True,7,1379,1774,-395
f03489ec-9c7c-4f26-a47c-e0769ec581d1,14030,14143,-113,False,1,1906,1505,401
f04600cc-cf77-4291-aff6-81600475d778,14693,12342,2351,True,8,1592,1261,331
f0555f70-4c69-4566-8a38-cdfa53fcbf52,13472,13158,314,True,8,1549,1393,156
f0573d88-41f1-43bb-ac80-d0027bae108b,13385,16037,-2652,False,1,1679,1718,-39
f058db86-b9c7-413e-8d01-be49ab223b9f,12117,12208,-91,False,5,1466,1458,8
f059eaf5-e345-4436-933a-1de271d99095,13681,13191,490,True,4,1530,1467,63
f05f5354-d89e-4b9e-ac4e-dfac09ee5ee9,12828,12432,396,True,7,1453,1285,168
f0610fc7-9d39-4eee-9c4d-746a9e76f7e9,13525,12661,864,True,8,1409,991,418
f07a1aad-b188-4c19-801d-1911683d377f,14318,12477,1841,True,8,1121,1275,-154
f080ad34-b030-47ee-8b9d-445f2a835a00,14837,13362,1475,True,8,1424,1430,-6
f0861638-076e-4d5e-821c-01289b14795f,13502,12920,582,True,7,2018,1984,34
f09739c6-94c5-4017-964c-37545def1ab1,13070,12870,200,True,7,1169,1528,-359
f098cf5c-1ce2-40b2-8787-57c74f98feae,12860,13416,-556,False,4,1330,2181,-851
f09cf782-9129-4d43-84dd-f60f3128bf3f,13251,12385,866,True,8,1908,1333,575
f0a0a122-2bd9-4a83-bd68-bd5bd85d296f,12862,15778,-2916,False,1,1577,1545,32
f0ba44a2-ccec-4faf-9211-81ef77c7bb9a,12993,12945,48,True,2,1792,1534,258
f0c163c9-bc47-4d59-aa96-d71f3bbf65af,12159,12182,-23,False,6,1265,1323,-58
f0c33bc0-ad6c-4996-a8e6-31de9ab139b0,12536,12962,-426,False,2,1481,1393,88
f0c52ef9-4ece-4785-9910-bbe54d05ca53,14039,14671,-632,False,1,1531,1409,122
f0c600f3-596e-4395-97f1-a1cc077a02c9,14105,12982,1123,True,6,1670,1178,492
f0ce728c-5e97-40fb-90fc-353be5c708cb,13682,12854,828,True,2,2081,974,1107
f0db242a-652b-4f0c-87ef-2f8aeed2ad69,11936,13976,-2040,False,0,1488,1485,3
f0e08412-7026-4bb2-ba35-e2a7096f8d33,13227,14046,-819,False,1,1465,1764,-299
f0e42e5e-9a9e-40bb-aae0-36ae626e089e,13369,13942,-573,False,0,1434,1447,-13
f0e5ca3a-735b-4031-a33d-74ad761fa252,14978,13001,1977,True,6,1264,1684,-420
f0e79498-0d55-4ff7-aa45-ac60d0e47932,13179,13470,-291,False,4,1289,1258,31
f0e7eb99-d1de-4d83-a4d2-a061d5f619ab,13366,13170,196,True,3,1426,1410,16
f0f2be86-f6ea-47be-b037-375d0706f99c,13638,12721,917,True,3,1671,1149,522
f0f44492-964a-4a79-8885-eb1748d01304,16344,12889,3455,True,6,3712,1098,2614
f0f94818-2422-4c04-b851-769baa419e26,13797,14016,-219,False,3,1470,1332,138
f10c902b-4e89-45e2-85a4-97e060fe2dcc,12956,13515,-559,False,2,1562,1450,112
f10f7bcc-ee5f-41d4-854e-84efc8199ef7,11634,12318,-684,False,4,1386,1060,326
f116464a-c5df-470d-98aa-2a47c7499460,13967,13182,785,True,7,1402,2030,-628
f11e1dab-ff58-4237-ab0b-21f382a7386b,15420,15154,266,True,9,1438,1950,-512
f12e23fa-45d0-4b44-9a90-042e663e5e18,12017,12230,-213,False,2,1289,1454,-165
f13168b8-896b-4d3a-9257-a43679b75eca,12203,13500,-1297,False,0,1165,1546,-381
f131fb18-d878-403a-a2df-ec0b3e87c6cc,13478,13075,403,True,6,1517,1510,7
f1327e17-1e23-4875-9885-1953e8cad8a5,12595,12673,-78,False,3,1598,1510,88
f1375453-89df-43e8-9e47-99cbd46f5552,13551,13759,-208,False,4,1659,1747,-88
f15d5863-fa0f-419f-925d-d6af72b9c6eb,14326,14752,-426,False,1,2932,1912,1020
f166be51-8fbc-4ced-9e41-2314762c6883,13985,12724,1261,True,6,1344,1654,-310
f16f3cd2-19c4-4195-8b76-78a4ebb44d31,11530,11708,-178,False,0,1367,1098,269
f17d1bfc-654c-4d3f-9542-8e585a64f8c6,12150,13773,-1623,False,1,1318,1525,-207
f18b56d3-b864-408e-b955-b8bcfb14e806,12515,13620,-1105,False,0,1612,1569,43
f18f1933-be65-41d9-a822-0991afc1be46,13419,12764,655,True,5,1444,1502,-58
f1994f21-2bb8-4e58-9ebd-e39a92d913b3,11166,11892,-726,False,4,1143,1186,-43
f19e71e9-431d-4aac-b67d-64335774752b,12729,13590,-861,False,1,1241,1686,-445
f1a4a1f9-cd57-45bd-a151-d203ded332d4,14705,12887,1818,True,7,2857,1551,1306
f1a7e0fc-db88-44f6-b052-0823b878bafe,13610,11870,1740,True,8,1388,1342,46
f1b1bb04-1b39-4a6b-aa57-d6a494ae5717,12843,14656,-1813,False,3,1247,1955,-708
f1b54686-1b88-4df1-bf95-9eae1a5cbafc,13267,13454,-187,False,7,1166,1456,-290
f1bbec5d-9457-49e1-95e0-fa830a1b893b,11467,12304,-837,False,0,1546,1290,256
f1bd4117-23a1-4ab2-8da7-0792736e7c2d,13739,13186,553,True,2,1582,1822,-240
f1c13397-5cdd-4c5a-b0c9-1a03a3d2c55f,13355,12964,391,True,5,1430,1413,17
f1c1524b-39e6-4b43-9cf8-6ffe415ea1d6,13703,12473,1230,True,8,1608,1590,18
f1d206a1-a3e2-4aa7-b7f0-530f265a4e18,13044,14160,-1116,False,3,1276,1696,-420
f1dd1d41-4825-44fe-9bd0-14f29115a95e,11502,13106,-1604,False,2,1123,2074,-951
f1e114a8-24c6-4e38-953b-0eb952ffbe4c,12610,13291,-681,False,3,1271,1346,-75
f1e24601-0460-4d77-9ab2-cd82dfc47174,13440,12987,453,True,6,1442,1017,425
f1ec2a33-73ce-4a22-b4b9-2ec0f107b1ae,13650,13632,18,True,4,1591,1503,88
f1f6b30a-e379-4b28-a8c7-90b94d19183f,12755,13695,-940,False,0,1851,1528,323
f1f7b1d2-490f-4cbf-8ec2-b60edef02aa1,13264,12808,456,True,2,1765,1230,535
f1f9291e-d8aa-47c4-8fc1-f9d0e128b18f,13766,13629,137,True,6,1555,1160,395
f1fe8b4b-edb2-471e-a845-4f394cff9adc,12963,13305,-342,False,0,1792,1178,614
f2001f76-eae7-44bf-8fe3-e4c80fcf6f34,13503,13680,-177,False,1,1426,1225,201
f202d2ff-81fb-4aa7-b7c2-38b13c145fc8,13612,13684,-72,False,5,1459,2256,-797
f20571a2-ad83-4b8e-9a00-783fdcfc9201,13731,12981,750,True,7,1645,1086,559
f205bc58-29ee-4d42-b567-35be884a1d67,12512,12252,260,True,4,1773,1205,568
f2098cda-61a6-4186-b700-475a2f5642b1,13579,14339,-760,False,3,1905,2613,-708
f215baa5-7899-4552-aa56-383a6927c4b1,13685,12909,776,True,8,1296,1218,78
f218b3e2-1f35-418a-bc3a-281054c5d92d,15460,13434,2026,True,8,1676,1374,302
f21ff013-6ffa-4851-a06d-bad566b66c37,13434,13958,-524,False,1,1382,1619,-237
f22bb9bc-dc85-445e-8b19-2b9dc4f6556f,12744,13771,-1027,False,0,1474,1543,-69
f22c6cd4-4dab-4c39-a365-8d9bc3e8e2ed,13090,13233,-143,False,0,1487,1372,115
f22e9c43-fe9a-4278-89fe-1a54edaf96d3,13225,12795,430,True,7,1493,1409,84
f2396d43-fb25-4379-b6e6-fd77403f2f9c,13748,13932,-184,False,3,2179,1357,822
f23daa67-7260-47ff-8118-7c13ed13b2ba,12484,12808,-324,False,0,1240,1519,-279
f23f434a-e9f4-4ba4-9f1d-5ce173cf0965,13322,12485,837,True,8,1492,1436,56
f242758a-b3db-499d-8aee-f07428f5b522,11761,13860,-2099,False,1,879,2455,-1576
f2470b6e-637e-4c36-afc0-87634374ebf5,14157,13248,909,True,6,1950,1520,430
f2662d8a-561d-486d-b3ab-2705a25fccf3,13540,13741,-201,False,1,1001,1857,-856
f26ed5c4-1223-4329-a78e-9faaca712fad,11777,12205,-428,False,1,1347,1543,-196
f2761316-a481-40ca-9a6d-7b2ee79ee430,12537,12793,-256,False,4,1536,1270,266
f278d979-88e1-4dfd-8dfc-00a30f573219,13456,13741,-285,False,4,1380,1568,-188
f2823a7c-11d4-4e3a-9813-17d5df8e5682,11756,13924,-2168,False,1,1488,3217,-1729
f287c9fa-2e50-4591-9988-348920e492ef,12943,11691,1252,True,10,1557,1685,-128
f288acd2-d7d5-4b1c-8e14-7a6f505a515b,12725,13805,-1080,False,0,1268,1724,-456
f295bfd2-e6cc-4e9c-b03c-ef6de2699c32,12075,13948,-1873,False,2,1221,2278,-1057
f29a21ab-7a79-4c58-af3a-08cd039e8230,13712,13186,526,True,8,1640,1355,285
f29caae8-328f-449e-ba85-78c3ab68f09d,13378,13002,376,True,3,1501,1246,255
f2a6666b-7055-49af-befc-ba37a848a19e,12406,13181,-775,False,1,1369,1403,-34
f2b8e842-51b2-484a-a582-4807152c9023,13732,14074,-342,False,3,1536,1855,-319
f2cea97e-467e-4dc3-afab-983f35eb6639,11525,11516,9,True,5,1237,1348,-111
f2cee7a2-da4e-4a2f-97c8-3f7b8b3f3c3d,12101,13118,-1017,False,0,1586,1552,34
f2d9acf8-3748-4cb7-8d44-dfed66b61ba1,15346,12291,3055,True,7,1175,1495,-320
f2dab3eb-2e69-4ac5-9a1f-66b097982fbb,14419,12714,1705,True,4,2509,1234,1275
f2e083d9-0acc-4015-855d-66da82f25798,12617,12320,297,True,8,1354,1307,47
f2e98252-e3e0-4ad6-ba6a-d788b785eb0c,13198,14563,-1365,False,0,1460,1398,62
f2e9fdf2-3d03-4a1e-bcee-99d98f2031fe,12237,12493,-256,False,1,1558,1297,261
f2f1f6c8-1353-4071-a117-7270f93e44ec,15509,12979,2530,True,6,1707,1512,195
f2f4b87d-b91e-48b6-95a7-693e3943be57,13565,13286,279,True,4,1413,1224,189
f2f8c809-708f-4cfb-bea7-7d6c6fdc27a3,12567,12568,-1,False,2,1487,1179,308
f2fbb08b-6df3-4d02-bf0f-9708f4263b7d,12974,12190,784,True,6,1878,1288,590
f2fc7bf6-2607-4bed-9517-19e814e842ba,13670,13269,401,True,5,1872,1389,483
f30618d0-c7c4-49e4-bde0-1c9099a824d2,11836,12162,-326,False,2,1309,1379,-70
f31d1d68-8080-41d5-b1c6-7a34db2922a9,12573,11902,671,True,6,1453,1470,-17
f3215df7-cca4-4978-b687-d32a9f23a5c5,11495,12161,-666,False,5,1418,1281,137
f33b4faf-7480-4341-8faa-011bb0158d28,13135,12925,210,True,7,1528,1308,220
f33cfdba-91c0-49c4-8556-d2fe201cad88,13406,13694,-288,False,3,1735,1410,325
f33e10b3-4662-4b09-8f5d-a277742ddc5d,10700,11625,-925,False,0,1262,1043,219
f3425f3e-43be-4414-9374-a5083bcb1999,12956,13640,-684,False,1,1131,1427,-296
f3536b77-fc2f-4162-ad19-40f96d847292,13019,12828,191,True,2,1233,1224,9
f357dd03-cc3a-41f1-a715-9c02b1a702cf,13387,12220,1167,True,9,1690,1541,149
f35f041a-8afa-48ba-a8eb-8a21474c1f02,13554,12403,1151,True,8,1283,1369,-86
f368bd07-a538-434a-99bb-5e7105bbe1a5,13564,14630,-1066,False,0,2118,1958,160
f36e2815-bbf7-48b8-aeb2-5d9154e35eb4,12879,13570,-691,False,0,1564,1561,3
f3734f22-6784-49ae-89aa-826d28254b1d,14741,12246,2495,True,8,1297,1791,-494
f37cd853-fbd4-443c-9a49-7dd346658c1b,12219,12894,-675,False,3,1280,1489,-209
f389c1c6-d08d-447d-b8cc-95af1c8696e3,14069,12299,1770,True,8,1493,1316,177
f38e2108-3e3a-4e5d-a972-97f059ca6fd1,12785,11909,876,True,7,2100,1122,978
f39d77d1-1970-414f-b7dd-3059174d03d1,13253,13211,42,True,6,1262,1505,-243
f39e1a77-291a-4f7b-ae57-bb1361931670,13192,14015,-823,False,2,1506,1975,-469
f3af79e5-b3bd-4e42-88c2-f53e42e1ebf2,14873,14773,100,True,7,2057,2259,-202
f3b08c50-5b3d-470f-b08d-bfb45368812c,12880,12609,271,True,5,1603,1447,156
f3daf772-f7a2-4b1e-b8dc-852b5ccc3ce0,13294,12829,465,True,4,1378,1127,251
f3dbb2b0-f90c-4cfb-90f2-8b67db191040,13630,12546,1084,True,7,1593,1239,354
f3deab5a-b330-4f81-8a35-3013964f15d3,13592,13637,-45,False,1,1204,1247,-43
f3e308e2-1ac4-4eb8-8f11-ec82657fe0d3,12325,13358,-1033,False,2,1491,1414,77
f3e4036f-ee0c-4780-a3e8-920b518d7088,14002,12821,1181,True,8,1404,1521,-117
f3e9b983-a01a-49d2-be7f-b176bfebe55f,12517,13687,-1170,False,0,1462,1492,-30
f3ec2182-b3bd-4232-8dd7-6edc9bb8c759,11991,11904,87,True,2,1476,982,494
f3edfc46-0243-4cb2-92d7-4d6ccc9a667e,11012,11316,-304,False,3,1416,1147,269
f405e178-04b8-456e-8d56-43a27d222f05,13192,13788,-596,False,2,1397,1243,154
f42224e7-0b87-4c25-9efc-dea206b707c3,13020,12783,237,True,7,1394,1520,-126
f4269472-af0f-4a44-bfce-83135b64fccd,13288,11850,1438,True,7,2146,1328,818
f42c0c9b-b592-4c37-9fdc-311218798a2c,13706,14328,-622,False,1,2134,1926,208
f42f6252-3181-4548-9ea6-7d6249626398,12011,15477,-3466,False,0,1212,1456,-244
f452b754-315a-42b8-a563-88d2225b2a9d,12961,14341,-1380,False,1,1337,1907,-570
f457da9c-cbe8-4aae-bb3d-a2c1bb8e6794,12147,11344,803,True,7,1208,1243,-35
f460124f-8ee9-4061-9701-4b286f573261,14219,12191,2028,True,7,1590,1301,289
f4622f71-606c-4630-b39a-c0e353f9c58f,13716,12738,978,True,6,1700,1382,318
f4651dc7-9a36-4568-bbc5-cd1ebd91c4f0,11374,13543,-2169,False,2,1196,1782,-586
f4738833-6171-429b-a47b-e2e6e0ca0a30,13277,13204,73,True,6,1218,1190,28
f48c288b-8aed-45b2-80f3-899de9a51807,13164,12796,368,True,5,1336,1459,-123
f493fe49-b28a-45e8-9bae-dcf8f793484f,14653,12507,2146,True,9,1248,1264,-16
f4ada569-8b8e-4d5b-a3f0-b5b10c9c84f7,12846,13024,-178,False,1,1478,1487,-9
f4bde437-3a04-4a5e-b852-0babc0e92bc6,14197,13860,337,True,4,1806,1463,343
f4c05cad-bb5d-4e75-b20f-7eb9c3c9c63c,13295,13938,-643,False,1,1544,1363,181
f4c5f118-1edd-4c7c-beef-ebf4263635ff,12546,13765,-1219,False,0,1431,1292,139
f4d1797f-a503-4d51-9c49-f5d1f9196ca8,13907,13632,275,True,4,1402,1680,-278
f4dfee20-61cb-494d-a26f-714a8da8dac5,15060,11953,3107,True,9,1536,1397,139
f4e63396-2dc3-4713-88e9-51f6a44e8f3a,12904,12797,107,True,8,1389,1384,5
f4e7ff37-bcea-462f-9bc9-1da221b681df,13490,13244,246,True,7,1865,1538,327
f4eb9485-7212-4237-aae8-55d1fcb77e37,13442,12979,463,True,9,1626,1433,193
f4ede4f6-ffb3-4692-8ed1-62fb1897c653,13721,12239,1482,True,8,1101,1492,-391
f50104c0-9cd5-4a99-858b-e9b5ac3b3c23,14466,13417,1049,True,8,1557,1773,-216
f509d2b4-baff-4d22-b9f4-532f08f7c047,13287,12662,625,True,8,1427,1534,-107
f5167f83-3d99-4bcc-8457-0802042ac6b2,13457,12128,1329,True,7,1355,1393,-38
f519d877-f282-4de2-b411-3417bb67e435,14372,14124,248,True,4,2196,2017,179
f52a5764-fde3-4059-9da9-670bd4d85ac0,12362,13670,-1308,False,0,1826,1959,-133
f52b735f-e1f2-4b01-9db6-8e4ad80f75e5,12762,12513,249,True,4,1570,1118,452
f52c9a93-98e5-4534-97d2-c96631debc67,13448,12853,595,True,7,1463,1949,-486
f52f697b-9f8f-4fa3-b30b-faea0b9a5f31,14748,14435,313,True,2,1921,1265,656
f53707ed-cbfb-4b9b-8f1b-2bfd7b3c63ca,14395,14126,269,True,6,1691,2634,-943
f538f951-32d8-45c8-a919-1e387e04b623,12119,13934,-1815,False,3,1276,1085,191
f54375cb-9bee-49fb-a427-7e0968f61926,13064,13365,-301,False,3,1346,1385,-39
f54d952e-47f5-49f0-ab9e-3ab4c14d979e,13238,13834,-596,False,1,1534,1335,199
f55b4ff3-97c2-438f-a250-f10224c12650,12910,11699,1211,True,6,1696,1063,633
f5636592-dc0c-4744-bcad-3ee14cb88ac7,12736,11999,737,True,6,1679,1504,175
f5679777-fb2e-4101-a64c-5a3171d61c0d,12859,13350,-491,False,2,1524,1170,354
f567d04b-ed64-4b21-aa35-1530f1dc2717,13439,13165,274,True,3,1745,1361,384
f568e29d-fa5e-41e8-8a5e-7237b8dd1c64,13140,13187,-47,False,7,1118,1861,-743
f570b325-c642-425d-97b7-223d2ce93ae0,12612,12921,-309,False,3,1443,1462,-19
f5729546-ef8b-4f4a-bf0b-d4e2306a8e83,13068,12234,834,True,7,2152,1391,761
f58646ef-e562-444e-88af-d802074aa2ac,13043,13134,-91,False,1,1719,1519,200
f5880d80-3e35-4c06-8444-4932d3d03deb,13836,13174,662,True,8,1266,1937,-671
f58ced68-9ffb-4afb-9769-61c0fab65fd6,12505,13110,-605,False,3,1516,1393,123
f59a2bd7-359e-4737-81d0-7f0ae0de6529,12426,13101,-675,False,2,1528,1774,-246
f5a556da-6b48-4b86-9b56-ff8af0362047,14330,13977,353,True,5,1449,1389,60
f5a88d61-abf6-4c99-9f13-6fc7d907b4c5,13071,13036,35,True,5,1207,1204,3
f5a8ef3e-f240-44c3-b67c-c0763b27d6a3,13574,14340,-766,False,7,1070,2842,-1772
f5a90acf-574d-4cfd-ab83-74f0752f6d1d,14226,13281,945,True,6,1491,1383,108
f5a93c39-4c9f-4ba6-8e67-a4059cc0c6a2,13940,12742,1198,True,7,1875,1491,384
f5a96c43-022f-4b26-9ee9-4291963765cb,13750,13572,178,True,8,1613,1705,-92
f5b28d36-084d-4af7-b2dc-5fd6881164d0,12559,14642,-2083,False,6,1053,2715,-1662
f5b90f10-116a-419f-95f8-d26e22c8ef02,11590,12128,-538,False,1,1123,1143,-20
f5c649a5-6c8a-44ff-bbc6-443080d05c9d,13740,13449,291,True,3,2258,1731,527
f5cba967-1823-40f0-9b0e-1480789be812,13276,12958,318,True,7,1243,1308,-65
f5cd797c-36be-4ce4-86ae-cabfbae72db3,13159,14527,-1368,False,1,1298,1635,-337
f5d23c9e-9ff6-431a-8f05-2f7d0b2f20cb,12942,12897,45,True,4,1866,1212,654
f5eb2cd1-f3d4-422d-ba3c-88ce793116fb,11164,11007,157,True,3,1129,1307,-178
f5f1eb13-57e8-4957-936b-0f417771a10e,14622,13376,1246,True,7,1708,1295,413
f5f4a4ed-54bb-430b-91c0-4e2cba34c61a,14076,12331,1745,True,8,2097,1236,861
f5f53ea6-bb39-45f4-9e6b-42abd0d0debb,13624,13211,413,True,4,1385,1313,72
f5fcc44d-c533-47ef-9ef7-aef01179c910,14026,13690,336,True,3,1662,1547,115
f6021b49-ddb5-44c1-a120-c86f4e964e56,13557,12380,1177,True,9,1469,1382,87
f60a15b8-1fd1-4118-a4ca-f11e4fc7f890,12457,12880,-423,False,0,1486,1452,34
f60e49f9-3798-4be6-a1e1-8cf88c0045f0,13617,13037,580,True,8,1619,1548,71
f6104f2d-b15f-4c10-ab41-beb359fc907c,12264,14246,-1982,False,1,1403,1391,12
f6135e14-66fc-4fee-9fd5-a64b3fe5a5da,12932,13053,-121,False,2,1282,1370,-88
f6254865-f9e6-48d8-a2e7-e2a3aec7bd8c,14120,12351,1769,True,8,2462,1299,1163
f62ea8d8-550c-46f7-acc3-70eb9f10b78b,12706,14456,-1750,False,1,1270,1359,-89
f63f4909-9551-4883-a4bf-ec35e9692d79,14131,13975,156,True,4,2871,1985,886
f643f098-0eb6-469d-beb4-992785a4efbc,12236,13721,-1485,False,5,1268,1780,-512
f64919bb-59df-4fe3-8604-1ae0848fea25,12134,13407,-1273,False,0,987,1406,-419
f64ed87c-3295-4d21-9908-9c1ab6a750a0,13500,13948,-448,False,4,1704,1383,321
f6555cb8-2c7e-482e-8a8e-9d4575273a02,12656,13762,-1106,False,4,1459,1531,-72
f678a831-2432-4c7a-b073-5af0799a3c3e,12746,12300,446,True,4,1737,1240,497
f67afd57-2969-451f-a424-cee086cb3d04,12237,11188,1049,True,6,1709,1777,-68
f686351c-4022-452d-9cda-b661c299483c,13244,14190,-946,False,2,1505,1432,73
f68d9ce6-aa05-4269-a49f-7ca074918332,12394,12271,123,True,3,1625,1647,-22
f699aaa4-cae4-41a9-a80b-4d9c68da81c8,14269,13967,302,True,5,2568,2207,361
f6b68390-8a1a-436b-8d64-6769861533a1,12529,12456,73,True,6,1360,1458,-98
f6b990a5-c083-4099-b784-b8d58e159ca5,12839,12513,326,True,4,1684,1608,76
f6c002b3-9e65-41d8-a38a-89d27916b389,13570,13118,452,True,8,1689,1692,-3
f6ce91b3-f04a-4231-a3bb-649e1dce4b48,13108,13623,-515,False,2,1239,1396,-157
f6d13500-e229-45fc-9c35-adf81ae539b5,12684,13430,-746,False,1,1266,1900,-634
f6d7eb29-0203-4f80-a275-1d6a6fb1d9d0,12906,13230,-324,False,5,1399,1199,200
f6daa907-c83c-43c5-9249-aa46fda1d42a,14160,13489,671,True,8,1400,1781,-381
f6e1ade5-42aa-4d48-aff0-23818b3eee26,13207,12618,589,True,5,1649,1398,251
f6e5c1f5-26e1-4b52-80e6-4b78c3f2e5b0,13512,11437,2075,True,7,1345,1167,178
f6e5fcf3-b394-41bb-8cf7-8b81283c4176,12034,13622,-1588,False,1,1053,1447,-394
f6e97a49-9433-4921-bb48-df45820786d9,14011,12182,1829,True,7,1366,1507,-141
f6f3c47d-d909-42e5-9402-5b023b28aa2f,13101,12218,883,True,9,1540,1198,342
f6f3d176-e593-4e98-986b-15b53797c4c6,13369,12960,409,True,6,1504,998,506
f6fbb886-eb50-4e18-8b39-03058bac8306,13229,14235,-1006,False,2,1631,1403,228
f70ee047-5612-4ead-958b-7304ba50a0ca,11727,14312,-2585,False,1,1141,1732,-591
f73a80cb-d4d4-49e3-9a7c-d7a641f41814,13528,11638,1890,True,8,2079,1132,947
f73ad79b-41c0-449c-bfd6-d1c741a45d22,13080,12524,556,True,7,1368,1459,-91
f7430611-391b-4622-8d58-2724857dd3be,11322,11748,-426,False,3,1294,1269,25
f7442db2-47fc-4452-b1f8-201fd24f6339,13365,12795,570,True,6,1586,1565,21
f7711cc4-7b6f-4840-aa37-bc6fae205a6f,13261,13683,-422,False,3,1573,1201,372
f7727149-6f77-4c6b-96fc-fd4797086646,13229,13634,-405,False,1,1550,1643,-93
f773e0d4-fa06-4f37-b46a-c8f0cf716c71,12929,11882,1047,True,5,1177,1093,84
f77a3aa8-de89-4ed2-9eee-78621c5b9245,13980,13915,65,True,7,1479,1783,-304
f784e1e0-cbc2-4733-a1fc-b0aa8003b91c,12769,12552,217,True,6,1862,1000,862
f78d1cd1-9040-43ea-925b-332c37fd1c22,12693,12315,378,True,3,1446,1525,-79
f7999ee2-2810-41a4-9132-058323e72637,13466,14064,-598,False,1,1787,1399,388
f79b3833-8c0a-4ac8-9663-9e601c0d4358,13344,12792,552,True,5,1201,1666,-465
f7a43f93-6705-451d-b39e-999e55aeeccd,14051,14125,-74,False,1,1757,1667,90
f7a86ae9-e78f-4ce6-a6f5-b2e1de6db010,14365,13064,1301,True,8,2215,1431,784
f7b6c164-51e4-49d7-8d03-8201aae4357d,13215,14067,-852,False,1,1676,1758,-82
f7bf3daf-1848-4d63-9d07-da1d62ac017e,13936,12270,1666,True,9,1502,1494,8
f7c567cb-3b2f-46dd-94dd-f82763b999b3,13089,13099,-10,False,5,1598,1337,261
f7ccc115-9cb4-4bee-b4b5-aafd1f1b2ee5,12288,11876,412,True,8,1111,1293,-182
f7d9c24b-54fd-47fd-8789-883ec4569c27,14164,13875,289,True,5,1704,1483,221
f7eab4c6-5307-4dbc-91f7-c291d553f941,13153,13747,-594,False,2,1519,1563,-44
f7f58142-2ad7-4a44-837c-157d83a4414e,13270,14180,-910,False,1,1632,1210,422
f7f750db-1678-4484-8838-0c153f0fd98f,11710,14050,-2340,False,3,1268,2125,-857
f80984e2-9aed-4f7b-9ecd-c383f5d1cc1f,11373,13418,-2045,False,2,1171,1226,-55
f814ca23-3031-4b06-bbec-9b12e96b0bc2,13591,13439,152,True,8,1250,1660,-410
f820eda1-059c-469d-a381-d91486e5e247,13675,12628,1047,True,9,1479,1535,-56
f8255b35-eb74-4ea1-87f1-35f31241479b,12178,14200,-2022,False,1,1528,1560,-32
f8256f7c-5b64-4310-99b7-2ef454d6307b,12573,10797,1776,True,7,1276,1007,269
f825d8b1-c587-49fd-aba8-0c37f9b7df26,13271,13058,213,True,2,1549,1283,266
f8280e37-c778-4d36-aca6-daa0eb79a9f1,14308,13444,864,True,8,1770,1527,243
f83ba200-190c-4962-bbdf-7d66635c5855,12719,12870,-151,False,5,1106,1324,-218
f8403345-d11c-4927-b6ae-6861dec475a4,13148,13143,5,True,3,1478,1364,114
f840dbdb-60a6-460d-b70c-ec8753971cf1,13988,14116,-128,False,2,1509,1238,271
f8420833-d97f-425a-9309-ae3335f8f4a7,12876,13725,-849,False,0,1185,1659,-474
f8476bc2-e617-4a97-b5f3-38f587986211,14113,12459,1654,True,8,1763,1452,311
f8531734-df18-4aad-ade4-02fcea76be9b,12328,11365,963,True,6,1821,1282,539
f86bb95c-85d2-43f0-9ca2-05a824cf43f3,12885,13962,-1077,False,2,1476,1623,-147
f872d0d0-2e45-48de-9c26-0716150f3a64,12884,13427,-543,False,3,1443,1717,-274
f87e71c5-70dc-4234-ab3a-eb8b9f47d98b,14098,14375,-277,False,6,1396,1631,-235
f8817a0f-ad83-4023-a38b-871d64f38a8e,12930,14131,-1201,False,5,1258,1492,-234
f88ed7b7-668d-46c6-890d-fe69eaed06f9,14039,13770,269,True,8,1311,1514,-203
f8914eed-5dc0-429b-8647-87b6641d942d,12623,13271,-648,False,0,1502,1693,-191
f8a413c4-9bc8-4fa3-bbf4-bb3ec497f327,11552,11939,-387,False,6,1035,1623,-588
f8ad400d-e76f-4a06-bde4-90249f807e99,13932,12517,1415,True,7,1769,1324,445
f8b198ee-082d-4434-b569-100c72bf769a,12473,13026,-553,False,0,1374,1493,-119
f8c16333-59aa-4de4-b2a1-eb3f0b2c104a,12929,13205,-276,False,2,1618,1460,158
f8c41bfd-76f4-4a36-be42-465601c40280,12128,12510,-382,False,4,2096,2001,95
f8cd099a-45de-4d2b-adab-c656fc6e4881,13458,13707,-249,False,2,1389,1901,-512
f8cf0ed2-8e2e-49e7-90ad-99344381af81,11732,12233,-501,False,0,1072,1463,-391
f8d393c5-2aed-4f2c-a7e9-97b320031155,14619,12876,1743,True,8,1420,1523,-103
f8d450f4-2d16-42f2-bfa7-e9ad49082f7d,13688,17742,-4054,False,0,2453,2601,-148
f8df3ffa-28e4-42d4-9f2f-95ef056a273f,14662,13349,1313,True,8,1685,1757,-72
f8e83c3c-1219-4f29-bf74-e9a1956609ee,12741,15055,-2314,False,0,1505,1636,-131
f8e998b7-1aed-4e05-9458-4e405c7a6edd,13050,14655,-1605,False,4,1557,1248,309
f8eab753-d1f0-4e82-bf97-475812d01032,15914,15151,763,True,4,1611,1492,119
f8f2828c-2873-4292-bde6-8a5960f21e86,14489,13861,628,True,7,1580,2316,-736
f8f6597d-a0c4-4475-b0a0-ed0ab9ad2629,11811,11611,200,True,8,1322,1475,-153
f905c900-b374-46cf-940c-548b616b11a7,13692,13480,212,True,5,1519,1768,-249
f909c39c-4780-48ee-9ce8-d9ad9550db1d,15140,13016,2124,True,8,1956,1075,881
f90c786a-e4ed-40bc-8a5a-3da18fba3fdc,13591,12739,852,True,7,1480,1554,-74
f9226f41-df0c-48fd-9949-5685d0506a72,13086,14429,-1343,False,0,1554,1468,86
f92bc2a9-e617-4f30-ad0b-a26a2f633e46,12728,12807,-79,False,2,1413,1555,-142
f932b325-e596-466b-b0e7-885ca59c8bdf,13551,13494,57,True,4,1257,1652,-395
f9334a69-82ec-49ff-9db6-af0011bd5ed3,12998,12737,261,True,5,1280,1388,-108
f94bbf1c-6aeb-4fe4-8af0-82abf8fb493b,12450,11773,677,True,9,1509,1261,248
f9529e31-7dec-447e-aab6-15b1402e2b2e,11851,11918,-67,False,2,1336,1266,70
f95519f0-2494-4b7a-9993-41f863845383,12960,12170,790,True,6,1365,1146,219
f957f6a3-c707-4d3d-91fa-44c63277b4d7,12740,11792,948,True,6,1089,1288,-199
f959ae45-22e5-4a78-8795-1167420cb6da,14971,12440,2531,True,8,1736,1122,614
f96dd68e-ee39-46e4-9e8f-c928dec75b78,12363,12514,-151,False,0,1173,1141,32
f9808ad3-647c-4488-9795-94b1e659f94d,13183,13534,-351,False,2,1591,1688,-97
f9878f85-60b0-4faf-8493-e3f022e1e17c,13557,12608,949,True,7,1437,1447,-10
f98b09b6-201f-4b47-9544-4f44a901e22c,13892,12583,1309,True,7,1462,1342,120
f999b874-adfa-4d33-88cc-fb08d90c23ba,13043,13037,6,True,3,1668,1572,96
f99bf505-a4b5-4a11-a71b-15aa27858ae2,13104,13191,-87,False,7,1289,1596,-307
f9aafdd9-44eb-4592-9fbf-6b27388fbe88,13606,13288,318,True,7,1446,1488,-42
f9ab1833-1eba-48f3-8d57-78efe1945b75,13056,12744,312,True,5,1426,1304,122
f9bb4c72-99a8-40ed-80be-cbf68c320021,12797,12902,-105,False,3,1597,1401,196
f9c04c95-7602-4f0b-a280-375664d3c4c5,13462,13691,-229,False,7,1346,1726,-380
f9d59875-ae09-4be8-ab82-25b34d0fbf07,12250,13383,-1133,False,2,1409,1281,128
f9db2b63-dad7-429a-9ebc-81a7797d3aa8,12996,12739,257,True,6,1519,1345,174
f9ea241c-141b-4fee-a0d7-b2c37a5e3252,12736,11716,1020,True,7,1396,1404,-8
f9eb8617-42f8-4369-bbaf-ea8614aaf18e,13358,13575,-217,False,1,1792,1128,664
f9eba18b-d7be-4a9e-96c4-2e6210c3ef9a,13864,12488,1376,True,9,1528,1449,79
f9effdcd-22ca-4020-98de-42744d81399f,13092,11207,1885,True,6,1488,1282,206
fa025ef2-b459-4bc3-aaaa-ad4807ba2723,15166,12252,2914,True,7,2287,1277,1010
fa09ab2e-fa72-4605-969b-74c34d0a8d2d,13461,13026,435,True,7,1514,1359,155
fa1d10d6-6658-4911-ab4d-90053bc79190,11445,12208,-763,False,1,1645,1821,-176
fa1e6c6e-48c3-4ae3-b6a1-cc3ed6e7dcad,13062,15225,-2163,False,1,1319,2474,-1155
fa215cf2-93c2-4c3e-ad4b-f270bf6f90f7,12499,13357,-858,False,2,1518,1632,-114
fa2e582c-9bcf-4b01-b984-8b43896e19d8,14158,12850,1308,True,8,1724,1404,320
fa313ffe-e0f8-4113-b897-59ba69b8b383,13228,13683,-455,False,1,1195,1326,-131
fa3a1407-70b1-433f-bd5d-e153415303fb,14117,13545,572,True,4,2709,2065,644
fa41372b-9db0-4f7f-9f4b-c61b6290e4a8,14030,12875,1155,True,7,1493,1437,56
fa4da8cc-a69f-400d-9a69-d5be4ae596d4,13971,12967,1004,True,5,1546,1666,-120
fa4f42d7-76ee-48cc-8511-ce6f6a758f97,13444,12693,751,True,8,1351,1638,-287
fa57b5fc-fa59-4530-a0ad-37cec17e733f,14145,13800,345,True,4,1535,1493,42
fa5dc376-ae4f-4687-857e-64668bdb76e3,12399,12360,39,True,1,1370,1226,144
fa625f3f-69fa-4461-80ea-6e72509c70aa,13864,13620,244,True,5,1562,1575,-13
fa6ba8ef-3efa-44bd-94fb-c76173817ca8,12177,11889,288,True,6,1167,1287,-120
fa6f55de-7160-4214-b722-c9720e3114cc,14090,12766,1324,True,7,1649,1419,230
fa739946-c09f-4202-a958-69b173454e17,13346,12590,756,True,5,1604,1358,246
fa798bc7-f348-4bc9-8cfa-5da524db6ea3,13888,13097,791,True,8,1552,1477,75
fa7f444a-3de7-4267-a048-5f57c5bd225f,13227,12921,306,True,8,1524,1422,102
fa8e0572-0472-4bbb-a36b-73181a78efc4,13294,13128,166,True,7,1507,1839,-332
fa97ff15-8f49-4418-891a-f3ce959c4a4d,13638,12681,957,True,5,1632,1429,203
faa29a79-dfe0-4b59-b194-7fd4a7db7b9a,14608,13042,1566,True,8,1517,1120,397
faa721b3-118f-4459-b4c8-18164b2281b0,12669,13100,-431,False,7,1515,1795,-280
faba460a-b5e9-47fa-894d-3526a8181261,13624,13548,76,True,4,1481,1617,-136
fac10b2e-eff6-4c55-b18b-327a34fa8dc3,13413,13589,-176,False,5,1516,1898,-382
fac83745-c0a8-44f0-8d11-91f3670c4c63,12634,15687,-3053,False,0,1424,1526,-102
fadd7a1e-6ab3-40be-b1ef-91bfa5e0c75a,13424,13473,-49,False,5,1156,1316,-160
fae4bb13-1035-4c21-85ce-a97b122b89ef,13574,13280,294,True,8,1751,1607,144
fae71ab7-2621-47a4-b2b8-738daa682c51,13263,13165,98,True,5,1103,1044,59
faec61eb-e611-46da-8047-3b5f6d3bb011,12574,13113,-539,False,2,1607,1404,203
faf2d39e-21e1-465f-96b7-0af5b153fe07,12772,13143,-371,False,0,1267,1458,-191
fafb53b8-00f7-462c-b620-07355e8ba77c,13258,14205,-947,False,1,1207,1804,-597
fafbe150-6326-49ee-9724-54c35b89e346,12221,11596,625,True,8,1519,1667,-148
fb00f5d2-9c3d-4961-9f85-00b7a28e3ca0,13773,12461,1312,True,8,1550,1433,117
fb12d825-fbf4-460c-9ca5-bec61bbf759d,13521,13949,-428,False,0,1226,1307,-81
fb13418a-8019-451f-87a4-827ebb0258d7,12956,12986,-30,False,5,1514,1380,134
fb177fb4-cbd6-42d8-8290-57f7d0fe5eb1,13279,11591,1688,True,7,1369,1166,203
fb209b8c-76f1-437f-b411-46c0360f1293,13204,12248,956,True,8,1490,1223,267
fb2589c4-3b52-41bd-80a8-5a42de403019,13126,13894,-768,False,0,1434,1368,66
fb384e9c-cd8a-4e3d-8474-36455215dbe2,12598,12614,-16,False,4,1446,1649,-203
fb3bc3b0-c8b2-44ac-9c93-8d383c9e2b19,12569,11951,618,True,4,1516,1532,-16
fb4372b5-e1f3-4eac-b495-45b3a93f8fe6,11652,12336,-684,False,2,991,1155,-164
fb4a3e30-b373-470f-b0f9-c44959eb1e4f,12709,14395,-1686,False,3,1253,2088,-835
fb535f29-a829-416a-a430-2f6877d7c853,12703,12577,126,True,6,1316,1346,-30
fb5e91b2-b940-4f4a-b870-91aec939e21b,13803,12695,1108,True,1,2421,872,1549
fb6317ba-2ea3-4e17-820a-709d717cb4e3,12976,13516,-540,False,2,1656,1453,203
fb745820-5e46-400b-8299-1fe2c81e2d3e,11792,12916,-1124,False,1,952,1886,-934
fb78ca4d-f587-4822-99dc-0fc104b1c94b,12248,12848,-600,False,0,1561,1544,17
fb7ecf12-bf7e-4bfd-9e92-4574774216a1,14264,13022,1242,True,5,1650,1281,369
fb7fe4be-3643-4dc1-a0de-4ad3b39b1179,13241,12922,319,True,6,1453,1517,-64
fb857fde-7ade-4865-869b-0b8c56a91e40,13331,14333,-1002,False,3,1410,1681,-271
fb8826b4-72b5-4f56-86d6-69b8dd16ca7e,13982,12342,1640,True,7,1604,1211,393
fb8cb9ef-1feb-490f-9d0c-b81ffbb240af,13522,13547,-25,False,6,1143,2147,-1004
fb945a5e-3ea9-4774-8409-3ee7d97b03c1,13800,13677,123,True,5,1477,1423,54
fba11d35-ab4a-46b2-8059-2e53acb8ec91,12722,11983,739,True,8,1393,1274,119
fbbeb7f6-eadd-4cac-bb71-f384fe8ccf99,12612,13153,-541,False,0,1606,1482,124
fbc073ae-8702-4dbc-99c9-e5e813d8cdbc,15269,12585,2684,True,8,2001,2238,-237
fbc3bf78-f7b5-49c2-8609-9a8fe13f3710,14866,13533,1333,True,6,1812,1129,683
fbc5db2c-fcd5-4790-97bd-e0c3979f44fa,13017,13941,-924,False,3,1161,1273,-112
fbc81fdd-d6cd-42de-8b23-f10fce106684,13017,14800,-1783,False,0,1429,1734,-305
fbd82044-ac9d-4ca6-8983-fc7c593d7e1c,13150,13590,-440,False,6,1347,1688,-341
fbe1f8df-2c31-4f02-ab8e-935f3be4b3bd,12465,12342,123,True,5,1310,1727,-417
fbf85659-c23f-4af0-b8b9-a39585ff4726,13760,12565,1195,True,6,1538,1392,146
fbfad4cc-c874-4402-b8db-2e46c208ff39,13049,13804,-755,False,3,1339,1517,-178
fbff8177-57ef-46c5-89e3-a228370c79f4,13382,12991,391,True,8,1003,1259,-256
fc020571-4a15-4dde-be0c-da7ef16d32f1,14685,12993,1692,True,7,1737,1346,391
fc2137c3-d19e-4c07-bcbe-779a797d2e33,13876,14225,-349,False,2,1269,1412,-143
fc3fc33c-bbf4-4d21-a987-825dc5ecd47a,13433,12590,843,True,6,1582,1379,203
fc47f154-349d-4020-809c-26a4f9499f66,14756,13347,1409,True,5,1694,1456,238
fc48d8e5-3d8a-4d7a-baef-8d1d71a904d4,11566,11939,-373,False,5,1281,1441,-160
fc4bfd61-b948-44fe-a4c6-81be846f3d8a,15683,13441,2242,True,8,2251,1319,932
fc506421-138e-43d7-8d1d-4d37dd8d1680,13378,13809,-431,False,0,1605,1966,-361
fc54d33f-5396-4fc0-b981-51293ccd1db5,12101,11510,591,True,8,1494,1239,255
fc5fdc19-c5d2-4863-aba7-0aefec3e5d75,13529,12829,700,True,5,1362,1265,97
fc82416c-d81c-4c73-98cb-d8ef32c346e6,13025,13388,-363,False,2,1439,1496,-57
fc8c6181-332c-44b2-832c-2242ed40ac7a,13741,13811,-70,False,5,1477,1241,236
fca08b48-f0a7-461a-a772-6db595154c5b,12398,13038,-640,False,3,1233,1254,-21
fca583ea-5dc0-444c-856a-5fd6db4305ac,11842,12364,-522,False,1,1120,1330,-210
fcbd5ab7-d696-4fc8-929c-3f7558881dcb,12384,13215,-831,False,4,1386,1367,19
fcbf421a-d0df-4f58-b93f-6058307f8615,12698,14802,-2104,False,1,1296,1436,-140
fcc5610d-79c9-45a6-99e7-90310ab5fa17,13324,13723,-399,False,0,1840,1540,300
fcc7cb6d-3317-47e8-a637-23e23f8e40df,14300,14203,97,True,7,1417,1548,-131
fcd40f6e-6e44-43b5-8893-cc43d1991535,14848,12603,2245,True,8,1365,1409,-44
fce364df-1fa9-4bb1-b996-83d989a0e2da,13329,12294,1035,True,5,1694,1294,400
fceb7b2f-9b6c-48af-9827-64943bc43d52,13996,13366,630,True,8,1753,1322,431
fced6c2a-e8ce-4f08-af45-3a9576fea619,14474,13350,1124,True,6,1724,1975,-251
fd0b6f02-7e80-440e-8ae1-4a81bcb99212,12723,13700,-977,False,1,1505,1232,273
fd118224-4524-48bd-afef-b964d69d1196,12308,12050,258,True,6,1368,1301,67
fd12c5e4-1fde-4385-8d14-f24083867c2f,12385,13472,-1087,False,0,1104,1277,-173
fd13ccf8-1777-400c-bf41-29bd37336b3f,12148,14284,-2136,False,1,1227,2179,-952
fd2125ad-9c61-4d47-bee6-3472fa4c3a20,13810,11947,1863,True,7,1828,1395,433
fd2536b9-682f-40b3-9baf-79b4926dea3a,15081,13316,1765,True,9,1508,1659,-151
fd2b84a4-9daa-4644-9a6b-36a1c53fc585,12809,12873,-64,False,2,1498,1252,246
fd2d8879-1af7-4295-b6b9-61c9dd13ff36,12692,13376,-684,False,1,1251,1440,-189
fd39a723-a645-481c-898b-1aacfc94ca51,11467,13158,-1691,False,0,1332,1560,-228
fd419486-b7ed-4ea7-9153-eeb8989e12fb,13049,15613,-2564,False,0,1395,1486,-91
fd4ae6d6-f774-4e0d-a3f8-1691c0fbe94a,12427,12228,199,True,7,1365,1180,185
fd54ca0b-5396-417f-85cf-b4bdaf0e1fbf,12200,12411,-211,False,1,1344,1324,20
fd5736cc-7954-4a06-a1a3-0088774c0329,13802,12579,1223,True,8,1355,1894,-539
fd590131-4801-4388-9311-2742e2d91771,13167,12551,616,True,5,1406,1396,10
fd5ccf9e-da4f-44ed-bef0-f917e792d5b9,13298,13076,222,True,6,1422,1233,189
fd601c4b-4818-42d2-a529-e3d8ddef08ee,13757,14730,-973,False,3,1103,1920,-817
fd626edf-956d-4294-8765-064a0ac52340,13939,12312,1627,True,9,1129,1411,-282
fd6f59c2-ed92-49ea-87ab-75e7f16fb397,12619,13186,-567,False,1,1444,1076,368
fd70f771-fe40-43f3-a2ed-b48ddfefe685,14757,15534,-777,False,5,2230,2864,-634
fd84ce6b-e004-4b8d-8630-38b27be996d2,14303,11851,2452,True,8,1429,1291,138
fd8998d4-e907-4d24-8dd0-5039b6f9b544,13700,13877,-177,False,5,1708,1811,-103
fd99661f-38b2-444c-88ac-6e9490cda65c,12538,13686,-1148,False,3,1371,1523,-152
fda0b7ac-2c53-4f1e-a75d-462dd1c99774,13580,13608,-28,False,0,1787,1464,323
fdac7dad-336b-442b-a8a0-51a3d59950a6,11951,12704,-753,False,2,1415,1300,115
fdbb3022-6f85-42ab-9235-99f0da19a965,13311,14734,-1423,False,1,1329,1480,-151
fdbc34a2-a4fc-4de3-b9fe-8ba2a0ffc10d,13339,13352,-13,False,4,1436,1430,6
fdc48bd5-bccf-4eeb-bb04-2b5a0c382949,12416,11764,652,True,5,1285,1329,-44
fdc7ec7b-8bbb-4450-9de4-2cd92645bfe6,12251,12529,-278,False,0,1501,1324,177
fdd1ada2-6871-4aaf-91ee-b68e767e97d8,13445,14946,-1501,False,1,1231,2124,-893
fdd3e754-53cc-40d6-8f61-c881e28e920b,12893,13299,-406,False,1,1529,1905,-376
fde1835b-19d0-40ef-b4ad-bb04082b19fa,14231,12962,1269,True,6,1499,1429,70
fde5d4f2-a84a-4a53-8a2d-92c270a9a5e2,13038,11724,1314,True,9,1557,1323,234
fdf511da-44e8-4d42-9009-a082336cfa8a,13685,12925,760,True,8,1634,1357,277
fdf60416-f726-4e28-a0d2-3db43302d8e5,13477,13977,-500,False,2,1403,1505,-102
fe03b133-df1b-42f7-a7b1-f9ca96c67607,13667,13174,493,True,4,1358,1285,73
fe11107f-963c-49ba-9ef3-e8b472f06892,12997,13782,-785,False,0,1851,1315,536
fe136ede-c01d-4fe3-bcbd-2fcb94156133,13534,14642,-1108,False,3,1299,1555,-256
fe14d0a5-ebf6-4ce3-8426-ddedacfb3d22,13488,12950,538,True,6,1770,1257,513
fe19c40b-9abc-4ac0-a24d-f635b9c86c0c,13794,13462,332,True,7,1593,1604,-11
fe1b461b-c0c3-4772-a64d-2f42ba154b5a,12246,13590,-1344,False,1,1125,1538,-413
fe25f702-f65b-4152-8d62-a7711e429b8d,12609,14576,-1967,False,0,1617,1793,-176
fe32a432-2e83-411c-9adb-a136a3042ec1,12301,12883,-582,False,0,1334,1432,-98
fe3990cd-a1b4-4cfa-b4fd-e08081a86e24,13210,12488,722,True,5,1265,1386,-121
fe40f1e4-f9d9-4509-9b42-a4f5dd44f37b,12552,11389,1163,True,6,1216,1558,-342
fe46df82-0a2b-4516-935b-bed9a622a5be,14066,13545,521,True,6,2035,1834,201
fe4bfa77-43da-4053-83a4-fdefa30dbec7,13461,12871,590,True,6,1579,1522,57
fe532f46-3f24-4a47-bdbc-5b851dcae7ba,13011,13513,-502,False,2,1254,1544,-290
fe55576f-0d1c-4431-ad11-13c0b61b1694,15008,14922,86,True,7,2047,1053,994
fe618d27-9ff1-4c8e-b8fc-7477d94a49ed,11813,11803,10,True,7,1193,1248,-55
fe65301c-70b5-4b65-b97e-558fc3a2d7ac,12978,12249,729,True,8,1377,1434,-57
fe6f1906-c1aa-493b-9de3-8a9db4a0ebbe,13502,14156,-654,False,1,1763,1638,125
fe77a7f1-4c76-44fa-bace-ecd74a2de0d8,12093,12215,-122,False,1,1466,1570,-104
fe785d27-a20a-4639-a074-ffc2c8cff1f9,12298,11567,731,True,5,1282,1391,-109
fe8df099-b247-48e4-a4bb-58a093f24547,14159,13160,999,True,9,1415,1477,-62
fea0a9a6-af93-4520-9507-c958a0e6552d,13695,13350,345,True,5,1553,1416,137
fea0d121-dfbe-4a8a-bd61-bd93e4cb5f62,13301,11257,2044,True,8,1921,1097,824
fea5108e-d785-4cce-a8d2-6f5c4905556c,13561,12420,1141,True,8,1618,1366,252
feac9952-8c79-45eb-8d8d-a0c09354b29f,12800,12531,269,True,7,1334,1307,27
feb73913-1ec6-43da-9113-970b363dac99,13334,11362,1972,True,6,2324,1149,1175
fec1a782-04fe-408c-83d8-ca3b419ced43,12580,12529,51,True,5,1484,1312,172
fed8c9b7-521e-426d-93cc-35c0470f763e,11107,14089,-2982,False,0,1060,1159,-99
fee2431e-c35a-4152-8f5d-7985da50fd0f,11463,11587,-124,False,4,1273,1369,-96
feee8914-a063-4ed3-9d5d-06c200727241,12696,11763,933,True,6,920,1368,-448
fef42d3e-da03-49af-a319-9d2d733ee32a,12077,14427,-2350,False,2,1088,1810,-722
fef466ed-e6d0-4bae-9344-971535af8fcc,14090,13604,486,True,7,1453,1594,-141
fefcd2ac-7672-4b72-acc8-e3d2b4be09fe,13116,13895,-779,False,1,1087,1546,-459
ff0be8c2-742d-4d71-b4a1-fdd0de81d67c,12418,12047,371,True,4,1474,1270,204
ff1873c7-333b-43b0-a904-0a09747d5dbf,12735,14155,-1420,False,0,1464,1660,-196
ff22d1fd-ecf7-4ec6-9325-1e95027ddaec,13883,13806,77,True,5,2004,1987,17
ff2f4f37-31d5-4dd9-a67b-d27b53e2755e,13013,11590,1423,True,8,1414,1233,181
ff363c21-b060-4ddd-a281-c76a6b10f84a,13187,13323,-136,False,3,1668,2013,-345
ff520e8c-b021-41f5-bab5-70fd8a4aa9a6,13214,13708,-494,False,3,1584,1370,214
ff5556a9-e354-4792-8d5f-1a8d30dda124,14626,14602,24,True,5,1215,1329,-114
ff68703b-b6a4-4216-b0c8-79f627a97e29,14179,13955,224,True,5,1195,1194,1
ff6e8b35-ab8a-45ba-92a4-cceacdf2d4b0,12457,12319,138,True,8,1243,1127,116
ff745782-cd06-4ac9-b088-8e01ac642fad,12675,13152,-477,False,2,1300,1315,-15
ff761be2-d074-4ba1-8258-971a67d522f8,14077,14109,-32,False,3,1662,1505,157
ff7aa9cb-ec91-4571-bafb-b6e4db32c15c,12588,14797,-2209,False,3,1254,1833,-579
ff7dcd1c-4f43-4ea2-ae4d-20702cfa8ae3,13447,13923,-476,False,4,1683,1074,609
ff895989-34d9-4f11-b693-4d49941342ba,14138,13492,646,True,4,2937,2107,830
ff8ab1c3-2dca-4009-9956-b7e109ebe97a,12831,11884,947,True,7,1371,1400,-29
ffa5c641-5603-415c-924e-ddde4c0cd838,14682,13913,769,True,5,1558,1109,449
ffa903b3-3c9d-4999-81ab-aa1621e3bf6c,13052,13857,-805,False,1,1331,1392,-61
ffb10df5-de4b-4db6-bb27-3e805ddd17a7,11723,11717,6,True,4,1325,1314,11
ffb5c4bd-c35f-47c3-8cf3-acbfde00e13c,11570,12530,-960,False,0,1251,1906,-655
ffbf8ba5-f8b9-47ec-87aa-0776c1cc053e,13178,14711,-1533,False,1,1029,1719,-690
ffc19099-099e-4362-b08e-3eb954fb0b11,12223,11821,402,True,4,1825,1126,699
ffc50878-44d8-4e12-90d9-5e23f7058486,12930,13357,-427,False,1,1624,1333,291
ffc83dc9-b51c-4698-9963-650653ddd8e0,12280,15390,-3110,False,1,1160,2757,-1597
ffd309f7-3663-41b3-8e72-cac59c8ef3ce,12951,13136,-185,False,1,1522,1361,161
ffda9bac-102f-4bfd-a82f-8eb62a1af58f,12062,13638,-1576,False,2,1100,1291,-191
ffdf061a-fa45-49cd-b03c-b5f7bb09d39b,12528,13297,-769,False,0,1364,1661,-297
fff9bdae-70c7-459c-8e30-fcba4b5d0160,12625,13247,-622,False,0,1458,1575,-117
